1000101011011110000
1000101011011110000
0001010101011110000
0101000000111011011
0101000000000000101
0001010101011110000
1000101011011110000
0101000000000000101
0101000000000000101
0101000000000000101
0101000001111011011
1000101011011110001
0001010101011110001
0100111111111011011
0100111111000000101
0001010101011101111
1000101011011101111
0101000001000000101
0101000001000000101
0101000001000000101
0101000010111011011
1000101011011110010
0001010101011110010
0100111110111011011
0100111110000000101
0001010101011101110
1000101011011101110
0101000010000000101
0101000010000000101
0101000010000000101
0101000011111011011
1000101011011110011
0001010101011110011
0100111101111011011
0100111101000000101
0001010101011101101
1000101011011101101
0101000011000000101
0101000011000000101
0101000011000000101
0101000100111011011
1000101011011110100
0001010101011110100
0100111100111011011
0100111100000000101
0001010101011101100
1000101011011101100
0101000100000000101
0101000100000000101
0101000100000000101
0101000101111011011
1000101011011110101
0001010101011110101
0100111011111011011
0100111011000000101
0001010101011101011
1000101011011101011
0101000101000000101
0101000101000000101
0101000101000000101
0101000110111011011
1000101011011110110
0001010101011110110
0100111010111011011
0100111010000000101
0001010101011101010
1000101011011101010
0101000110000000101
0101000110000000101
0101000110000000101
0101000111111011011
1000101011011110111
0001010101011110111
0100111001111011011
0100111001000000101
0001010101011101001
1000101011011101001
0101000111000000101
0101000111000000101
0101000111000000101
0101001000111011011
1000101011011111000
0001010101011111000
0100111000111011011
0100111000000000101
0001010101011101000
1000101011011101000
0101001000000000101
0101001000000000101
0101001000000000101
0101001001111011011
1000101011011111001
0001010101011111001
0100110111111011011
0100110111000000101
0001010101011100111
1000101011011100111
0101001001000000101
0101001001000000101
0101001001000000101
0101001010111011011
1000101011011111010
0001010101011111010
0100110110111011011
0100110110000000101
0001010101011100110
1000101011011100110
0101001010000000101
0101001010000000101
0101001010000000101
0101001011111011011
1000101011011111011
0001010101011111011
0100110101111011011
0100110101000000101
0001010101011100101
1000101011011100101
0101001011000000101
0101001011000000101
0101001011000000101
0101001100111011011
1000101011011111100
0001010101011111100
0100110100111011011
0100110100000000101
0001010101011100100
1000101011011100100
0101001100000000101
0101001100000000101
0101001100000000101
0101001101111011011
1000101011011111101
0001010101011111101
0100110011111011011
0100110011000000101
0001010101011100011
1000101011011100011
0101001101000000101
0101001101000000101
0101001101000000101
0101001110111011011
1000101011011111110
0001010101011111110
0100110010111011011
0100110010000000101
0001010101011100010
1000101011011100010
0101001110000000101
0101001110000000101
0101001110000000101
0101001111111011011
1000101011011111111
0001010101011111111
0100110001111011011
0100110001000000101
0001010101011100001
1000101011011100001
0101001111000000101
0101001111000000101
0101001111000000101
0101010000111011010
1000101010100000000
0001010110100000000
0100110000111011010
0100110000000000110
0001010110011100000
1000101010011100000
0101010000000000110
0101010000000000110
0101010000000000110
0101010001111011010
1000101010100000001
0001010110100000001
0100101111111011010
0100101111000000110
0001010110011011111
1000101010011011111
0101010001000000110
0101010001000000110
0101010001000000110
0101010010111011010
1000101010100000010
0001010110100000010
0100101110111011010
0100101110000000110
0001010110011011110
1000101010011011110
0101010010000000110
0101010010000000110
0101010010000000110
0101010011111011010
1000101010100000011
0001010110100000011
0100101101111011010
0100101101000000110
0001010110011011101
1000101010011011101
0101010011000000110
0101010011000000110
0101010011000000110
0101010100111011010
1000101010100000100
0001010110100000100
0100101100111011010
0100101100000000110
0001010110011011100
1000101010011011100
0101010100000000110
0101010100000000110
0101010100000000110
0101010101111011010
1000101010100000101
0001010110100000101
0100101011111011010
0100101011000000110
0001010110011011011
1000101010011011011
0101010101000000110
0101010101000000110
0101010101000000110
0101010110111011010
1000101010100000110
0001010110100000110
0100101010111011010
0100101010000000110
0001010110011011010
1000101010011011010
0101010110000000110
0101010110000000110
0101010110000000110
0101010111111011010
1000101010100000111
0001010110100000111
0100101001111011010
0100101001000000110
0001010110011011001
1000101010011011001
0101010111000000110
0101010111000000110
0101010111000000110
0101011000111011010
1000101010100001000
0001010110100001000
0100101000111011010
0100101000000000110
0001010110011011000
1000101010011011000
0101011000000000110
0101011000000000110
0101011000000000110
0101011001111011010
1000101010100001001
0001010110100001001
0100100111111011010
0100100111000000110
0001010110011010111
1000101010011010111
0101011001000000110
0101011001000000110
0101011001000000110
0101011010111011010
1000101010100001010
0001010110100001010
0100100110111011010
0100100110000000110
0001010110011010110
1000101010011010110
0101011010000000110
0101011010000000110
0101011010000000110
0101011011111011001
1000101001100001011
0001010111100001011
0100100101111011001
0100100101000000111
0001010111011010101
1000101001011010101
0101011011000000111
0101011011000000111
0101011011000000111
0101011100111011001
1000101001100001100
0001010111100001100
0100100100111011001
0100100100000000111
0001010111011010100
1000101001011010100
0101011100000000111
0101011100000000111
0101011100000000111
0101011101111011001
1000101001100001101
0001010111100001101
0100100011111011001
0100100011000000111
0001010111011010011
1000101001011010011
0101011101000000111
0101011101000000111
0101011101000000111
0101011110111011001
1000101001100001110
0001010111100001110
0100100010111011001
0100100010000000111
0001010111011010010
1000101001011010010
0101011110000000111
0101011110000000111
0101011110000000111
0101011111111011001
1000101001100001111
0001010111100001111
0100100001111011001
0100100001000000111
0001010111011010001
1000101001011010001
0101011111000000111
0101011111000000111
0101011111000000111
0101100000111011001
1000101001100010000
0001010111100010000
0100100000111011001
0100100000000000111
0001010111011010000
1000101001011010000
0101100000000000111
0101100000000000111
0101100000000000111
0101100001111011001
1000101001100010001
0001010111100010001
0100011111111011001
0100011111000000111
0001010111011001111
1000101001011001111
0101100001000000111
0101100001000000111
0101100001000000111
0101100010111011001
1000101001100010010
0001010111100010010
0100011110111011001
0100011110000000111
0001010111011001110
1000101001011001110
0101100010000000111
0101100010000000111
0101100010000000111
0101100011111011000
1000101000100010011
0001011000100010011
0100011101111011000
0100011101000001000
0001011000011001101
1000101000011001101
0101100011000001000
0101100011000001000
0101100011000001000
0101100100111011000
1000101000100010100
0001011000100010100
0100011100111011000
0100011100000001000
0001011000011001100
1000101000011001100
0101100100000001000
0101100100000001000
0101100100000001000
0101100101111011000
1000101000100010101
0001011000100010101
0100011011111011000
0100011011000001000
0001011000011001011
1000101000011001011
0101100101000001000
0101100101000001000
0101100101000001000
0101100110111011000
1000101000100010110
0001011000100010110
0100011010111011000
0100011010000001000
0001011000011001010
1000101000011001010
0101100110000001000
0101100110000001000
0101100110000001000
0101100111111011000
1000101000100010111
0001011000100010111
0100011001111011000
0100011001000001000
0001011000011001001
1000101000011001001
0101100111000001000
0101100111000001000
0101100111000001000
0101101000111011000
1000101000100011000
0001011000100011000
0100011000111011000
0100011000000001000
0001011000011001000
1000101000011001000
0101101000000001000
0101101000000001000
0101101000000001000
0101101001111010111
1000100111100011001
0001011001100011001
0100010111111010111
0100010111000001001
0001011001011000111
1000100111011000111
0101101001000001001
0101101001000001001
0101101001000001001
0101101010111010111
1000100111100011010
0001011001100011010
0100010110111010111
0100010110000001001
0001011001011000110
1000100111011000110
0101101010000001001
0101101010000001001
0101101010000001001
0101101011111010111
1000100111100011011
0001011001100011011
0100010101111010111
0100010101000001001
0001011001011000101
1000100111011000101
0101101011000001001
0101101011000001001
0101101011000001001
0101101100111010111
1000100111100011100
0001011001100011100
0100010100111010111
0100010100000001001
0001011001011000100
1000100111011000100
0101101100000001001
0101101100000001001
0101101100000001001
0101101101111010111
1000100111100011101
0001011001100011101
0100010011111010111
0100010011000001001
0001011001011000011
1000100111011000011
0101101101000001001
0101101101000001001
0101101101000001001
0101101110111010110
1000100110100011110
0001011010100011110
0100010010111010110
0100010010000001010
0001011010011000010
1000100110011000010
0101101110000001010
0101101110000001010
0101101110000001010
0101101111111010110
1000100110100011111
0001011010100011111
0100010001111010110
0100010001000001010
0001011010011000001
1000100110011000001
0101101111000001010
0101101111000001010
0101101111000001010
0101110000111010110
1000100110100100000
0001011010100100000
0100010000111010110
0100010000000001010
0001011010011000000
1000100110011000000
0101110000000001010
0101110000000001010
0101110000000001010
0101110001111010110
1000100110100100001
0001011010100100001
0100001111111010110
0100001111000001010
0001011010010111111
1000100110010111111
0101110001000001010
0101110001000001010
0101110001000001010
0101110010111010110
1000100110100100010
0001011010100100010
0100001110111010110
0100001110000001010
0001011010010111110
1000100110010111110
0101110010000001010
0101110010000001010
0101110010000001010
0101110011111010101
1000100101100100011
0001011011100100011
0100001101111010101
0100001101000001011
0001011011010111101
1000100101010111101
0101110011000001011
0101110011000001011
0101110011000001011
0101110100111010101
1000100101100100100
0001011011100100100
0100001100111010101
0100001100000001011
0001011011010111100
1000100101010111100
0101110100000001011
0101110100000001011
0101110100000001011
0101110101111010101
1000100101100100101
0001011011100100101
0100001011111010101
0100001011000001011
0001011011010111011
1000100101010111011
0101110101000001011
0101110101000001011
0101110101000001011
0101110110111010101
1000100101100100110
0001011011100100110
0100001010111010101
0100001010000001011
0001011011010111010
1000100101010111010
0101110110000001011
0101110110000001011
0101110110000001011
0101110111111010100
1000100100100100111
0001011100100100111
0100001001111010100
0100001001000001100
0001011100010111001
1000100100010111001
0101110111000001100
0101110111000001100
0101110111000001100
0101111000111010100
1000100100100101000
0001011100100101000
0100001000111010100
0100001000000001100
0001011100010111000
1000100100010111000
0101111000000001100
0101111000000001100
0101111000000001100
0101111001111010100
1000100100100101001
0001011100100101001
0100000111111010100
0100000111000001100
0001011100010110111
1000100100010110111
0101111001000001100
0101111001000001100
0101111001000001100
0101111010111010100
1000100100100101010
0001011100100101010
0100000110111010100
0100000110000001100
0001011100010110110
1000100100010110110
0101111010000001100
0101111010000001100
0101111010000001100
0101111011111010011
1000100011100101011
0001011101100101011
0100000101111010011
0100000101000001101
0001011101010110101
1000100011010110101
0101111011000001101
0101111011000001101
0101111011000001101
0101111100111010011
1000100011100101100
0001011101100101100
0100000100111010011
0100000100000001101
0001011101010110100
1000100011010110100
0101111100000001101
0101111100000001101
0101111100000001101
0101111101111010011
1000100011100101101
0001011101100101101
0100000011111010011
0100000011000001101
0001011101010110011
1000100011010110011
0101111101000001101
0101111101000001101
0101111101000001101
0101111110111010011
1000100011100101110
0001011101100101110
0100000010111010011
0100000010000001101
0001011101010110010
1000100011010110010
0101111110000001101
0101111110000001101
0101111110000001101
0101111111111010010
1000100010100101111
0001011110100101111
0100000001111010010
0100000001000001110
0001011110010110001
1000100010010110001
0101111111000001110
0101111111000001110
0101111111000001110
0110000000111010010
1000100010100110000
0001011110100110000
0100000000111010010
0100000000000001110
0001011110010110000
1000100010010110000
0110000000000001110
0110000000000001110
0110000000000001110
0110000001111010010
1000100010100110001
0001011110100110001
0011111111111010010
0011111111000001110
0001011110010101111
1000100010010101111
0110000001000001110
0110000001000001110
0110000001000001110
0110000010111010010
1000100010100110010
0001011110100110010
0011111110111010010
0011111110000001110
0001011110010101110
1000100010010101110
0110000010000001110
0110000010000001110
0110000010000001110
0110000011111010001
1000100001100110011
0001011111100110011
0011111101111010001
0011111101000001111
0001011111010101101
1000100001010101101
0110000011000001111
0110000011000001111
0110000011000001111
0110000100111010001
1000100001100110100
0001011111100110100
0011111100111010001
0011111100000001111
0001011111010101100
1000100001010101100
0110000100000001111
0110000100000001111
0110000100000001111
0110000101111010001
1000100001100110101
0001011111100110101
0011111011111010001
0011111011000001111
0001011111010101011
1000100001010101011
0110000101000001111
0110000101000001111
0110000101000001111
0110000110111010000
1000100000100110110
0001100000100110110
0011111010111010000
0011111010000010000
0001100000010101010
1000100000010101010
0110000110000010000
0110000110000010000
0110000110000010000
0110000111111010000
1000100000100110111
0001100000100110111
0011111001111010000
0011111001000010000
0001100000010101001
1000100000010101001
0110000111000010000
0110000111000010000
0110000111000010000
0110001000111010000
1000100000100111000
0001100000100111000
0011111000111010000
0011111000000010000
0001100000010101000
1000100000010101000
0110001000000010000
0110001000000010000
0110001000000010000
0110001001111001111
1000011111100111001
0001100001100111001
0011110111111001111
0011110111000010001
0001100001010100111
1000011111010100111
0110001001000010001
0110001001000010001
0110001001000010001
0110001010111001111
1000011111100111010
0001100001100111010
0011110110111001111
0011110110000010001
0001100001010100110
1000011111010100110
0110001010000010001
0110001010000010001
0110001010000010001
0110001011111001111
1000011111100111011
0001100001100111011
0011110101111001111
0011110101000010001
0001100001010100101
1000011111010100101
0110001011000010001
0110001011000010001
0110001011000010001
0110001100111001110
1000011110100111100
0001100010100111100
0011110100111001110
0011110100000010010
0001100010010100100
1000011110010100100
0110001100000010010
0110001100000010010
0110001100000010010
0110001101111001110
1000011110100111101
0001100010100111101
0011110011111001110
0011110011000010010
0001100010010100011
1000011110010100011
0110001101000010010
0110001101000010010
0110001101000010010
0110001110111001110
1000011110100111110
0001100010100111110
0011110010111001110
0011110010000010010
0001100010010100010
1000011110010100010
0110001110000010010
0110001110000010010
0110001110000010010
0110001111111001101
1000011101100111111
0001100011100111111
0011110001111001101
0011110001000010011
0001100011010100001
1000011101010100001
0110001111000010011
0110001111000010011
0110001111000010011
0110010000111001101
1000011101101000000
0001100011101000000
0011110000111001101
0011110000000010011
0001100011010100000
1000011101010100000
0110010000000010011
0110010000000010011
0110010000000010011
0110010001111001101
1000011101101000001
0001100011101000001
0011101111111001101
0011101111000010011
0001100011010011111
1000011101010011111
0110010001000010011
0110010001000010011
0110010001000010011
0110010010111001100
1000011100101000010
0001100100101000010
0011101110111001100
0011101110000010100
0001100100010011110
1000011100010011110
0110010010000010100
0110010010000010100
0110010010000010100
0110010011111001100
1000011100101000011
0001100100101000011
0011101101111001100
0011101101000010100
0001100100010011101
1000011100010011101
0110010011000010100
0110010011000010100
0110010011000010100
0110010100111001011
1000011011101000100
0001100101101000100
0011101100111001011
0011101100000010101
0001100101010011100
1000011011010011100
0110010100000010101
0110010100000010101
0110010100000010101
0110010101111001011
1000011011101000101
0001100101101000101
0011101011111001011
0011101011000010101
0001100101010011011
1000011011010011011
0110010101000010101
0110010101000010101
0110010101000010101
0110010110111001011
1000011011101000110
0001100101101000110
0011101010111001011
0011101010000010101
0001100101010011010
1000011011010011010
0110010110000010101
0110010110000010101
0110010110000010101
0110010111111001010
1000011010101000111
0001100110101000111
0011101001111001010
0011101001000010110
0001100110010011001
1000011010010011001
0110010111000010110
0110010111000010110
0110010111000010110
0110011000111001010
1000011010101001000
0001100110101001000
0011101000111001010
0011101000000010110
0001100110010011000
1000011010010011000
0110011000000010110
0110011000000010110
0110011000000010110
0110011001111001001
1000011001101001001
0001100111101001001
0011100111111001001
0011100111000010111
0001100111010010111
1000011001010010111
0110011001000010111
0110011001000010111
0110011001000010111
0110011010111001001
1000011001101001010
0001100111101001010
0011100110111001001
0011100110000010111
0001100111010010110
1000011001010010110
0110011010000010111
0110011010000010111
0110011010000010111
0110011011111001001
1000011001101001011
0001100111101001011
0011100101111001001
0011100101000010111
0001100111010010101
1000011001010010101
0110011011000010111
0110011011000010111
0110011011000010111
0110011100111001000
1000011000101001100
0001101000101001100
0011100100111001000
0011100100000011000
0001101000010010100
1000011000010010100
0110011100000011000
0110011100000011000
0110011100000011000
0110011101111001000
1000011000101001101
0001101000101001101
0011100011111001000
0011100011000011000
0001101000010010011
1000011000010010011
0110011101000011000
0110011101000011000
0110011101000011000
0110011110111000111
1000010111101001110
0001101001101001110
0011100010111000111
0011100010000011001
0001101001010010010
1000010111010010010
0110011110000011001
0110011110000011001
0110011110000011001
0110011111111000111
1000010111101001111
0001101001101001111
0011100001111000111
0011100001000011001
0001101001010010001
1000010111010010001
0110011111000011001
0110011111000011001
0110011111000011001
0110100000111000110
1000010110101010000
0001101010101010000
0011100000111000110
0011100000000011010
0001101010010010000
1000010110010010000
0110100000000011010
0110100000000011010
0110100000000011010
0110100001111000110
1000010110101010001
0001101010101010001
0011011111111000110
0011011111000011010
0001101010010001111
1000010110010001111
0110100001000011010
0110100001000011010
0110100001000011010
0110100010111000110
1000010110101010010
0001101010101010010
0011011110111000110
0011011110000011010
0001101010010001110
1000010110010001110
0110100010000011010
0110100010000011010
0110100010000011010
0110100011111000101
1000010101101010011
0001101011101010011
0011011101111000101
0011011101000011011
0001101011010001101
1000010101010001101
0110100011000011011
0110100011000011011
0110100011000011011
0110100100111000101
1000010101101010100
0001101011101010100
0011011100111000101
0011011100000011011
0001101011010001100
1000010101010001100
0110100100000011011
0110100100000011011
0110100100000011011
0110100101111000100
1000010100101010101
0001101100101010101
0011011011111000100
0011011011000011100
0001101100010001011
1000010100010001011
0110100101000011100
0110100101000011100
0110100101000011100
0110100110111000100
1000010100101010110
0001101100101010110
0011011010111000100
0011011010000011100
0001101100010001010
1000010100010001010
0110100110000011100
0110100110000011100
0110100110000011100
0110100111111000011
1000010011101010111
0001101101101010111
0011011001111000011
0011011001000011101
0001101101010001001
1000010011010001001
0110100111000011101
0110100111000011101
0110100111000011101
0110101000111000011
1000010011101011000
0001101101101011000
0011011000111000011
0011011000000011101
0001101101010001000
1000010011010001000
0110101000000011101
0110101000000011101
0110101000000011101
0110101001111000010
1000010010101011001
0001101110101011001
0011010111111000010
0011010111000011110
0001101110010000111
1000010010010000111
0110101001000011110
0110101001000011110
0110101001000011110
0110101010111000010
1000010010101011010
0001101110101011010
0011010110111000010
0011010110000011110
0001101110010000110
1000010010010000110
0110101010000011110
0110101010000011110
0110101010000011110
0110101011111000001
1000010001101011011
0001101111101011011
0011010101111000001
0011010101000011111
0001101111010000101
1000010001010000101
0110101011000011111
0110101011000011111
0110101011000011111
0110101100111000001
1000010001101011100
0001101111101011100
0011010100111000001
0011010100000011111
0001101111010000100
1000010001010000100
0110101100000011111
0110101100000011111
0110101100000011111
0110101101111000000
1000010000101011101
0001110000101011101
0011010011111000000
0011010011000100000
0001110000010000011
1000010000010000011
0110101101000100000
0110101101000100000
0110101101000100000
0110101110111000000
1000010000101011110
0001110000101011110
0011010010111000000
0011010010000100000
0001110000010000010
1000010000010000010
0110101110000100000
0110101110000100000
0110101110000100000
0110101111110111111
1000001111101011111
0001110001101011111
0011010001110111111
0011010001000100001
0001110001010000001
1000001111010000001
0110101111000100001
0110101111000100001
0110101111000100001
0110110000110111111
1000001111101100000
0001110001101100000
0011010000110111111
0011010000000100001
0001110001010000000
1000001111010000000
0110110000000100001
0110110000000100001
0110110000000100001
0110110001110111110
1000001110101100001
0001110010101100001
0011001111110111110
0011001111000100010
0001110010001111111
1000001110001111111
0110110001000100010
0110110001000100010
0110110001000100010
0110110010110111101
1000001101101100010
0001110011101100010
0011001110110111101
0011001110000100011
0001110011001111110
1000001101001111110
0110110010000100011
0110110010000100011
0110110010000100011
0110110011110111101
1000001101101100011
0001110011101100011
0011001101110111101
0011001101000100011
0001110011001111101
1000001101001111101
0110110011000100011
0110110011000100011
0110110011000100011
0110110100110111100
1000001100101100100
0001110100101100100
0011001100110111100
0011001100000100100
0001110100001111100
1000001100001111100
0110110100000100100
0110110100000100100
0110110100000100100
0110110101110111100
1000001100101100101
0001110100101100101
0011001011110111100
0011001011000100100
0001110100001111011
1000001100001111011
0110110101000100100
0110110101000100100
0110110101000100100
0110110110110111011
1000001011101100110
0001110101101100110
0011001010110111011
0011001010000100101
0001110101001111010
1000001011001111010
0110110110000100101
0110110110000100101
0110110110000100101
0110110111110111011
1000001011101100111
0001110101101100111
0011001001110111011
0011001001000100101
0001110101001111001
1000001011001111001
0110110111000100101
0110110111000100101
0110110111000100101
0110111000110111010
1000001010101101000
0001110110101101000
0011001000110111010
0011001000000100110
0001110110001111000
1000001010001111000
0110111000000100110
0110111000000100110
0110111000000100110
0110111001110111001
1000001001101101001
0001110111101101001
0011000111110111001
0011000111000100111
0001110111001110111
1000001001001110111
0110111001000100111
0110111001000100111
0110111001000100111
0110111010110111001
1000001001101101010
0001110111101101010
0011000110110111001
0011000110000100111
0001110111001110110
1000001001001110110
0110111010000100111
0110111010000100111
0110111010000100111
0110111011110111000
1000001000101101011
0001111000101101011
0011000101110111000
0011000101000101000
0001111000001110101
1000001000001110101
0110111011000101000
0110111011000101000
0110111011000101000
0110111100110111000
1000001000101101100
0001111000101101100
0011000100110111000
0011000100000101000
0001111000001110100
1000001000001110100
0110111100000101000
0110111100000101000
0110111100000101000
0110111101110110111
1000000111101101101
0001111001101101101
0011000011110110111
0011000011000101001
0001111001001110011
1000000111001110011
0110111101000101001
0110111101000101001
0110111101000101001
0110111110110110110
1000000110101101110
0001111010101101110
0011000010110110110
0011000010000101010
0001111010001110010
1000000110001110010
0110111110000101010
0110111110000101010
0110111110000101010
0110111111110110110
1000000110101101111
0001111010101101111
0011000001110110110
0011000001000101010
0001111010001110001
1000000110001110001
0110111111000101010
0110111111000101010
0110111111000101010
0111000000110110101
1000000101101110000
0001111011101110000
0011000000110110101
0011000000000101011
0001111011001110000
1000000101001110000
0111000000000101011
0111000000000101011
0111000000000101011
0111000001110110100
1000000100101110001
0001111100101110001
0010111111110110100
0010111111000101100
0001111100001101111
1000000100001101111
0111000001000101100
0111000001000101100
0111000001000101100
0111000010110110100
1000000100101110010
0001111100101110010
0010111110110110100
0010111110000101100
0001111100001101110
1000000100001101110
0111000010000101100
0111000010000101100
0111000010000101100
0111000011110110011
1000000011101110011
0001111101101110011
0010111101110110011
0010111101000101101
0001111101001101101
1000000011001101101
0111000011000101101
0111000011000101101
0111000011000101101
0111000100110110010
1000000010101110100
0001111110101110100
0010111100110110010
0010111100000101110
0001111110001101100
1000000010001101100
0111000100000101110
0111000100000101110
0111000100000101110
0111000101110110010
1000000010101110101
0001111110101110101
0010111011110110010
0010111011000101110
0001111110001101011
1000000010001101011
0111000101000101110
0111000101000101110
0111000101000101110
0111000110110110001
1000000001101110110
0001111111101110110
0010111010110110001
0010111010000101111
0001111111001101010
1000000001001101010
0111000110000101111
0111000110000101111
0111000110000101111
0111000111110110000
1000000000101110111
0010000000101110111
0010111001110110000
0010111001000110000
0010000000001101001
1000000000001101001
0111000111000110000
0111000111000110000
0111000111000110000
0111001000110110000
1000000000101111000
0010000000101111000
0010111000110110000
0010111000000110000
0010000000001101000
1000000000001101000
0111001000000110000
0111001000000110000
0111001000000110000
0111001001110101111
0111111111101111001
0010000001101111001
0010110111110101111
0010110111000110001
0010000001001100111
0111111111001100111
0111001001000110001
0111001001000110001
0111001001000110001
0111001010110101110
0111111110101111010
0010000010101111010
0010110110110101110
0010110110000110010
0010000010001100110
0111111110001100110
0111001010000110010
0111001010000110010
0111001010000110010
0111001011110101101
0111111101101111011
0010000011101111011
0010110101110101101
0010110101000110011
0010000011001100101
0111111101001100101
0111001011000110011
0111001011000110011
0111001011000110011
0111001100110101101
0111111101101111100
0010000011101111100
0010110100110101101
0010110100000110011
0010000011001100100
0111111101001100100
0111001100000110011
0111001100000110011
0111001100000110011
0111001101110101100
0111111100101111101
0010000100101111101
0010110011110101100
0010110011000110100
0010000100001100011
0111111100001100011
0111001101000110100
0111001101000110100
0111001101000110100
0111001110110101011
0111111011101111110
0010000101101111110
0010110010110101011
0010110010000110101
0010000101001100010
0111111011001100010
0111001110000110101
0111001110000110101
0111001110000110101
0111001111110101010
0111111010101111111
0010000110101111111
0010110001110101010
0010110001000110110
0010000110001100001
0111111010001100001
0111001111000110110
0111001111000110110
0111001111000110110
0111010000110101010
0111111010110000000
0010000110110000000
0010110000110101010
0010110000000110110
0010000110001100000
0111111010001100000
0111010000000110110
0111010000000110110
0111010000000110110
0111010001110101001
0111111001110000001
0010000111110000001
0010101111110101001
0010101111000110111
0010000111001011111
0111111001001011111
0111010001000110111
0111010001000110111
0111010001000110111
0111010010110101000
0111111000110000010
0010001000110000010
0010101110110101000
0010101110000111000
0010001000001011110
0111111000001011110
0111010010000111000
0111010010000111000
0111010010000111000
0111010011110100111
0111110111110000011
0010001001110000011
0010101101110100111
0010101101000111001
0010001001001011101
0111110111001011101
0111010011000111001
0111010011000111001
0111010011000111001
0111010100110100111
0111110111110000100
0010001001110000100
0010101100110100111
0010101100000111001
0010001001001011100
0111110111001011100
0111010100000111001
0111010100000111001
0111010100000111001
0111010101110100110
0111110110110000101
0010001010110000101
0010101011110100110
0010101011000111010
0010001010001011011
0111110110001011011
0111010101000111010
0111010101000111010
0111010101000111010
0111010110110100101
0111110101110000110
0010001011110000110
0010101010110100101
0010101010000111011
0010001011001011010
0111110101001011010
0111010110000111011
0111010110000111011
0111010110000111011
0111010111110100100
0111110100110000111
0010001100110000111
0010101001110100100
0010101001000111100
0010001100001011001
0111110100001011001
0111010111000111100
0111010111000111100
0111010111000111100
0111011000110100011
0111110011110001000
0010001101110001000
0010101000110100011
0010101000000111101
0010001101001011000
0111110011001011000
0111011000000111101
0111011000000111101
0111011000000111101
0111011001110100010
0111110010110001001
0010001110110001001
0010100111110100010
0010100111000111110
0010001110001010111
0111110010001010111
0111011001000111110
0111011001000111110
0111011001000111110
0111011010110100010
0111110010110001010
0010001110110001010
0010100110110100010
0010100110000111110
0010001110001010110
0111110010001010110
0111011010000111110
0111011010000111110
0111011010000111110
0111011011110100001
0111110001110001011
0010001111110001011
0010100101110100001
0010100101000111111
0010001111001010101
0111110001001010101
0111011011000111111
0111011011000111111
0111011011000111111
0111011100110100000
0111110000110001100
0010010000110001100
0010100100110100000
0010100100001000000
0010010000001010100
0111110000001010100
0111011100001000000
0111011100001000000
0111011100001000000
0111011101110011111
0111101111110001101
0010010001110001101
0010100011110011111
0010100011001000001
0010010001001010011
0111101111001010011
0111011101001000001
0111011101001000001
0111011101001000001
0111011110110011110
0111101110110001110
0010010010110001110
0010100010110011110
0010100010001000010
0010010010001010010
0111101110001010010
0111011110001000010
0111011110001000010
0111011110001000010
0111011111110011101
0111101101110001111
0010010011110001111
0010100001110011101
0010100001001000011
0010010011001010001
0111101101001010001
0111011111001000011
0111011111001000011
0111011111001000011
0111100000110011100
0111101100110010000
0010010100110010000
0010100000110011100
0010100000001000100
0010010100001010000
0111101100001010000
0111100000001000100
0111100000001000100
0111100000001000100
0111100001110011011
0111101011110010001
0010010101110010001
0010011111110011011
0010011111001000101
0010010101001001111
0111101011001001111
0111100001001000101
0111100001001000101
0111100001001000101
0111100010110011010
0111101010110010010
0010010110110010010
0010011110110011010
0010011110001000110
0010010110001001110
0111101010001001110
0111100010001000110
0111100010001000110
0111100010001000110
0111100011110011001
0111101001110010011
0010010111110010011
0010011101110011001
0010011101001000111
0010010111001001101
0111101001001001101
0111100011001000111
0111100011001000111
0111100011001000111
0111100100110011000
0111101000110010100
0010011000110010100
0010011100110011000
0010011100001001000
0010011000001001100
0111101000001001100
0111100100001001000
0111100100001001000
0111100100001001000
0111100101110010111
0111100111110010101
0010011001110010101
0010011011110010111
0010011011001001001
0010011001001001011
0111100111001001011
0111100101001001001
0111100101001001001
0111100101001001001
0111100110110010110
0111100110110010110
0010011010110010110
0010011010110010110
0010011010001001010
0010011010001001010
0111100110001001010
0111100110001001010
0111100110001001010
0111100110001001010
