1010000000000000000
1010000000000000000
1001111111000000000
1001111111000000000
1001111111000000001
1001111111000000001
1001111111000000001
1001111111000000001
1001111110000000001
1001111110000000001
1001111110000000001
1001111110000000001
1001111110000000001
1001111110000000001
1001111101000000001
1001111101000000001
1001111101000000010
1001111101000000010
1001111101000000010
1001111101000000010
1001111100000000010
1001111100000000010
1001111100000000011
1001111100000000011
1001111100000000011
1001111100000000011
1001111011000000011
1001111011000000011
1001111011000000100
1001111011000000100
1001111011000000100
1001111011000000100
1001111010000000100
1001111010000000100
1001111010000000100
1001111010000000100
1001111010000000100
1001111010000000100
1001111001000000100
1001111001000000100
1001111001000000101
1001111001000000101
1001111001000000101
1001111001000000101
1001111000000000101
1001111000000000101
1001111000000000110
1001111000000000110
1001111000000000110
1001111000000000110
1001110111000000110
1001110111000000110
1001110111000000111
1001110111000000111
1001110111000000111
1001110111000000111
1001110110000000111
1001110110000000111
1001110110000000111
1001110110000000111
1001110110000000111
1001110110000000111
1001110101000000111
1001110101000000111
1001110101000001000
1001110101000001000
1001110101000001000
1001110101000001000
1001110100000001000
1001110100000001000
1001110100000001001
1001110100000001001
1001110100000001001
1001110100000001001
1001110011000001001
1001110011000001001
1001110011000001010
1001110011000001010
1001110011000001010
1001110011000001010
1001110010000001010
1001110010000001010
1001110010000001010
1001110010000001010
1001110010000001010
1001110010000001010
1001110001000001010
1001110001000001010
1001110001000001011
1001110001000001011
1001110001000001011
1001110001000001011
1001110000000001011
1001110000000001011
1001110000000001100
1001110000000001100
1001110000000001100
1001110000000001100
1001101111000001100
1001101111000001100
1001101111000001101
1001101111000001101
1001101111000001101
1001101111000001101
1001101110000001101
1001101110000001101
1001101110000001101
1001101110000001101
1001101110000001101
1001101110000001101
1001101101000001101
1001101101000001101
1001101101000001110
1001101101000001110
1001101101000001110
1001101101000001110
1001101100000001110
1001101100000001110
1001101100000001111
1001101100000001111
1001101100000001111
1001101100000001111
1001101011000001111
1001101011000001111
1001101011000010000
1001101011000010000
1001101011000010000
1001101011000010000
1001101010000010000
1001101010000010000
1001101010000010000
1001101010000010000
1001101010000010000
1001101010000010000
1001101001000010000
1001101001000010000
1001101001000010001
1001101001000010001
1001101001000010001
1001101001000010001
1001101000000010001
1001101000000010001
1001101000000010010
1001101000000010010
1001101000000010010
1001101000000010010
1001100111000010010
1001100111000010010
1001100111000010011
1001100111000010011
1001100111000010011
1001100111000010011
1001100110000010011
1001100110000010011
1001100110000010011
1001100110000010011
1001100110000010011
1001100110000010011
1001100101000010011
1001100101000010011
1001100101000010100
1001100101000010100
1001100101000010100
1001100101000010100
1001100100000010100
1001100100000010100
1001100100000010101
1001100100000010101
1001100100000010101
1001100100000010101
1001100011000010101
1001100011000010101
1001100011000010110
1001100011000010110
1001100011000010110
1001100011000010110
1001100010000010110
1001100010000010110
1001100010000010110
1001100010000010110
1001100010000010110
1001100010000010110
1001100001000010110
1001100001000010110
1001100001000010111
1001100001000010111
1001100001000010111
1001100001000010111
1001100000000010111
1001100000000010111
1001100000000011000
1001100000000011000
1001100000000011000
1001100000000011000
1001011111000011000
1001011111000011000
1001011111000011001
1001011111000011001
1001011111000011001
1001011111000011001
1001011110000011001
1001011110000011001
1001011110000011001
1001011110000011001
1001011110000011001
1001011110000011001
1001011101000011001
1001011101000011001
1001011101000011010
1001011101000011010
1001011101000011010
1001011101000011010
1001011100000011010
1001011100000011010
1001011100000011011
1001011100000011011
1001011100000011011
1001011100000011011
1001011011000011011
1001011011000011011
1001011011000011100
1001011011000011100
1001011011000011100
1001011011000011100
1001011010000011100
1001011010000011100
1001011010000011100
1001011010000011100
1001011010000011100
1001011010000011100
1001011001000011100
1001011001000011100
1001011001000011101
1001011001000011101
1001011001000011101
1001011001000011101
1001011000000011101
1001011000000011101
1001011000000011110
1001011000000011110
1001011000000011110
1001011000000011110
1001010111000011110
1001010111000011110
1001010111000011111
1001010111000011111
1001010111000011111
1001010111000011111
1001010110000011111
1001010110000011111
1001010110000011111
1001010110000011111
1001010110000011111
1001010110000011111
1001010101000011111
1001010101000011111
1001010101000100000
1001010101000100000
1001010101000100000
1001010101000100000
1001010100000100000
1001010100000100000
1001010100000100001
1001010100000100001
1001010100000100001
1001010100000100001
1001010011000100001
1001010011000100001
1001010011000100010
1001010011000100010
1001010011000100010
1001010011000100010
1001010010000100010
1001010010000100010
1001010010000100010
1001010010000100010
1001010010000100010
1001010010000100010
1001010001000100010
1001010001000100010
1001010001000100011
1001010001000100011
1001010001000100011
1001010001000100011
1001010000000100011
1001010000000100011
1001010000000100100
1001010000000100100
1001010000000100100
1001010000000100100
1001001111000100100
1001001111000100100
1001001111000100101
1001001111000100101
1001001111000100101
1001001111000100101
1001001110000100101
1001001110000100101
1001001110000100101
1001001110000100101
1001001110000100101
1001001110000100101
1001001101000100101
1001001101000100101
1001001101000100110
1001001101000100110
1001001101000100110
1001001101000100110
1001001100000100110
1001001100000100110
1001001100000100111
1001001100000100111
1001001100000100111
1001001100000100111
1001001011000100111
1001001011000100111
1001001011000101000
1001001011000101000
1001001011000101000
1001001011000101000
1001001010000101000
1001001010000101000
1001001010000101000
1001001010000101000
1001001010000101000
1001001010000101000
1001001001000101000
1001001001000101000
1001001001000101001
1001001001000101001
1001001001000101001
1001001001000101001
1001001000000101001
1001001000000101001
1001001000000101010
1001001000000101010
1001001000000101010
1001001000000101010
1001000111000101010
1001000111000101010
1001000111000101011
1001000111000101011
1001000111000101011
1001000111000101011
1001000110000101011
1001000110000101011
1001000110000101011
1001000110000101011
1001000110000101011
1001000110000101011
1001000101000101011
1001000101000101011
1001000101000101100
1001000101000101100
1001000101000101100
1001000101000101100
1001000100000101100
1001000100000101100
1001000100000101101
1001000100000101101
1001000100000101101
1001000100000101101
1001000011000101101
1001000011000101101
1001000011000101110
1001000011000101110
1001000011000101110
1001000011000101110
1001000010000101110
1001000010000101110
1001000010000101110
1001000010000101110
1001000010000101110
1001000010000101110
1001000001000101110
1001000001000101110
1001000001000101111
1001000001000101111
1001000001000101111
1001000001000101111
1001000000000101111
1001000000000101111
1001000000000110000
1001000000000110000
1001000000000110000
1001000000000110000
1000111111000110000
1000111111000110000
1000111111000110001
1000111111000110001
1000111111000110001
1000111111000110001
1000111110000110001
1000111110000110001
1000111110000110001
1000111110000110001
1000111110000110001
1000111110000110001
1000111101000110001
1000111101000110001
1000111101000110010
1000111101000110010
1000111101000110010
1000111101000110010
1000111100000110010
1000111100000110010
1000111100000110011
1000111100000110011
1000111100000110011
1000111100000110011
1000111011000110011
1000111011000110011
1000111011000110100
1000111011000110100
1000111011000110100
1000111011000110100
1000111010000110100
1000111010000110100
1000111010000110100
1000111010000110100
1000111010000110100
1000111010000110100
1000111001000110100
1000111001000110100
1000111001000110101
1000111001000110101
1000111001000110101
1000111001000110101
1000111000000110101
1000111000000110101
1000111000000110110
1000111000000110110
1000111000000110110
1000111000000110110
1000110111000110110
1000110111000110110
1000110111000110111
1000110111000110111
1000110111000110111
1000110111000110111
1000110110000110111
1000110110000110111
1000110110000110111
1000110110000110111
1000110110000110111
1000110110000110111
1000110101000110111
1000110101000110111
1000110101000111000
1000110101000111000
1000110101000111000
1000110101000111000
1000110100000111000
1000110100000111000
1000110100000111001
1000110100000111001
1000110100000111001
1000110100000111001
1000110011000111001
1000110011000111001
1000110011000111010
1000110011000111010
1000110011000111010
1000110011000111010
1000110010000111010
1000110010000111010
1000110010000111010
1000110010000111010
1000110010000111010
1000110010000111010
1000110001000111010
1000110001000111010
1000110001000111011
1000110001000111011
1000110001000111011
1000110001000111011
1000110000000111011
1000110000000111011
1000110000000111100
1000110000000111100
1000110000000111100
1000110000000111100
1000101111000111100
1000101111000111100
1000101111000111101
1000101111000111101
1000101111000111101
1000101111000111101
1000101110000111101
1000101110000111101
1000101110000111101
1000101110000111101
1000101110000111101
1000101110000111101
1000101101000111101
1000101101000111101
1000101101000111110
1000101101000111110
1000101101000111110
1000101101000111110
1000101100000111110
1000101100000111110
1000101100000111111
1000101100000111111
1000101100000111111
1000101100000111111
1000101011000111111
1000101011000111111
1000101011001000000
1000101011001000000
1000101011001000000
1000101011001000000
1000101010001000000
1000101010001000000
1000101010001000000
1000101010001000000
1000101010001000000
1000101010001000000
1000101001001000000
1000101001001000000
1000101001001000001
1000101001001000001
1000101001001000001
1000101001001000001
1000101000001000001
1000101000001000001
1000101000001000010
1000101000001000010
1000101000001000010
1000101000001000010
1000100111001000010
1000100111001000010
1000100111001000011
1000100111001000011
1000100111001000011
1000100111001000011
1000100110001000011
1000100110001000011
1000100110001000011
1000100110001000011
1000100110001000011
1000100110001000011
1000100101001000011
1000100101001000011
1000100101001000100
1000100101001000100
1000100101001000100
1000100101001000100
1000100100001000100
1000100100001000100
1000100100001000101
1000100100001000101
1000100100001000101
1000100100001000101
1000100011001000101
1000100011001000101
1000100011001000110
1000100011001000110
1000100011001000110
1000100011001000110
1000100010001000110
1000100010001000110
1000100010001000110
1000100010001000110
1000100010001000110
1000100010001000110
1000100001001000110
1000100001001000110
1000100001001000111
1000100001001000111
1000100001001000111
1000100001001000111
1000100000001000111
1000100000001000111
1000100000001001000
1000100000001001000
1000100000001001000
1000100000001001000
1000011111001001000
1000011111001001000
1000011111001001001
1000011111001001001
1000011111001001001
1000011111001001001
1000011110001001001
1000011110001001001
1000011110001001001
1000011110001001001
1000011110001001001
1000011110001001001
1000011101001001001
1000011101001001001
1000011101001001010
1000011101001001010
1000011101001001010
1000011101001001010
1000011100001001010
1000011100001001010
1000011100001001011
1000011100001001011
1000011100001001011
1000011100001001011
1000011011001001011
1000011011001001011
1000011011001001100
1000011011001001100
1000011011001001100
1000011011001001100
1000011010001001100
1000011010001001100
1000011010001001100
1000011010001001100
1000011010001001100
1000011010001001100
1000011001001001100
1000011001001001100
1000011001001001101
1000011001001001101
1000011001001001101
1000011001001001101
1000011000001001101
1000011000001001101
1000011000001001110
1000011000001001110
1000011000001001110
1000011000001001110
1000010111001001110
1000010111001001110
1000010111001001111
1000010111001001111
1000010111001001111
1000010111001001111
1000010110001001111
1000010110001001111
1000010110001001111
1000010110001001111
1000010110001001111
1000010110001001111
1000010101001001111
1000010101001001111
1000010101001010000
1000010101001010000
1000010101001010000
1000010101001010000
1000010100001010000
1000010100001010000
1000010100001010001
1000010100001010001
1000010100001010001
1000010100001010001
1000010011001010001
1000010011001010001
1000010011001010010
1000010011001010010
1000010011001010010
1000010011001010010
1000010010001010010
1000010010001010010
1000010010001010010
1000010010001010010
1000010010001010010
1000010010001010010
1000010001001010010
1000010001001010010
1000010001001010011
1000010001001010011
1000010001001010011
1000010001001010011
1000010000001010011
1000010000001010011
1000010000001010100
1000010000001010100
1000010000001010100
1000010000001010100
1000001111001010100
1000001111001010100
1000001111001010101
1000001111001010101
1000001111001010101
1000001111001010101
1000001110001010101
1000001110001010101
1000001110001010101
1000001110001010101
1000001110001010101
1000001110001010101
1000001101001010101
1000001101001010101
1000001101001010110
1000001101001010110
1000001101001010110
1000001101001010110
1000001100001010110
1000001100001010110
1000001100001010111
1000001100001010111
1000001100001010111
1000001100001010111
1000001011001010111
1000001011001010111
1000001011001011000
1000001011001011000
1000001011001011000
1000001011001011000
1000001010001011000
1000001010001011000
1000001010001011000
1000001010001011000
1000001010001011000
1000001010001011000
1000001001001011000
1000001001001011000
1000001001001011001
1000001001001011001
1000001001001011001
1000001001001011001
1000001000001011001
1000001000001011001
1000001000001011010
1000001000001011010
1000001000001011010
1000001000001011010
1000000111001011010
1000000111001011010
1000000111001011011
1000000111001011011
1000000111001011011
1000000111001011011
1000000110001011011
1000000110001011011
1000000110001011011
1000000110001011011
1000000110001011011
1000000110001011011
1000000101001011011
1000000101001011011
1000000101001011100
1000000101001011100
1000000101001011100
1000000101001011100
1000000100001011100
1000000100001011100
1000000100001011101
1000000100001011101
1000000100001011101
1000000100001011101
1000000011001011101
1000000011001011101
1000000011001011110
1000000011001011110
1000000011001011110
1000000011001011110
1000000010001011110
1000000010001011110
1000000010001011110
1000000010001011110
1000000010001011110
1000000010001011110
1000000001001011110
1000000001001011110
1000000001001011111
1000000001001011111
1000000001001011111
1000000001001011111
1000000000001011111
1000000000001011111
1000000000001100000
1000000000001100000
1000000000001100000
1000000000001100000
0111111111001100000
0111111111001100000
0111111111001100001
0111111111001100001
0111111111001100001
0111111111001100001
0111111110001100001
0111111110001100001
0111111110001100001
0111111110001100001
0111111110001100001
0111111110001100001
0111111101001100001
0111111101001100001
0111111101001100010
0111111101001100010
0111111101001100010
0111111101001100010
0111111100001100010
0111111100001100010
0111111100001100011
0111111100001100011
0111111100001100011
0111111100001100011
0111111011001100011
0111111011001100011
0111111011001100100
0111111011001100100
0111111011001100100
0111111011001100100
0111111010001100100
0111111010001100100
0111111010001100100
0111111010001100100
0111111010001100100
0111111010001100100
0111111001001100100
0111111001001100100
0111111001001100101
0111111001001100101
0111111001001100101
0111111001001100101
0111111000001100101
0111111000001100101
0111111000001100110
0111111000001100110
0111111000001100110
0111111000001100110
0111110111001100110
0111110111001100110
0111110111001100111
0111110111001100111
0111110111001100111
0111110111001100111
0111110110001100111
0111110110001100111
0111110110001100111
0111110110001100111
0111110110001100111
0111110110001100111
0111110101001100111
0111110101001100111
0111110101001101000
0111110101001101000
0111110101001101000
0111110101001101000
0111110100001101000
0111110100001101000
0111110100001101001
0111110100001101001
0111110100001101001
0111110100001101001
0111110011001101001
0111110011001101001
0111110011001101010
0111110011001101010
0111110011001101010
0111110011001101010
0111110010001101010
0111110010001101010
0111110010001101010
0111110010001101010
0111110010001101010
0111110010001101010
0111110001001101010
0111110001001101010
0111110001001101011
0111110001001101011
0111110001001101011
0111110001001101011
0111110000001101011
0111110000001101011
0111110000001101100
0111110000001101100
0111110000001101100
0111110000001101100
0111101111001101100
0111101111001101100
0111101111001101101
0111101111001101101
0111101111001101101
0111101111001101101
0111101110001101101
0111101110001101101
0111101110001101101
0111101110001101101
0111101110001101101
0111101110001101101
0111101101001101101
0111101101001101101
0111101101001101110
0111101101001101110
0111101101001101110
0111101101001101110
0111101100001101110
0111101100001101110
0111101100001101111
0111101100001101111
0111101100001101111
0111101100001101111
0111101011001101111
0111101011001101111
0111101011001110000
0111101011001110000
0111101011001110000
0111101011001110000
0111101010001110000
0111101010001110000
0111101010001110000
0111101010001110000
0111101010001110000
0111101010001110000
0111101001001110000
0111101001001110000
0111101001001110001
0111101001001110001
0111101001001110001
0111101001001110001
0111101000001110001
0111101000001110001
0111101000001110010
0111101000001110010
0111101000001110010
0111101000001110010
0111100111001110010
0111100111001110010
0111100111001110011
0111100111001110011
0111100111001110011
0111100111001110011
0111100110001110011
0111100110001110011
0111100110001110011
0111100110001110011
0111100110001110011
0111100110001110011
0111100101001110011
0111100101001110011
0111100101001110100
0111100101001110100
0111100101001110100
0111100101001110100
0111100100001110100
0111100100001110100
0111100100001110101
0111100100001110101
0111100100001110101
0111100100001110101
0111100011001110101
0111100011001110101
0111100011001110110
0111100011001110110
0111100011001110110
0111100011001110110
0111100010001110110
0111100010001110110
0111100010001110110
0111100010001110110
0111100010001110110
0111100010001110110
0111100001001110110
0111100001001110110
0111100001001110111
0111100001001110111
0111100001001110111
0111100001001110111
0111100000001110111
0111100000001110111
0111100000001111000
0111100000001111000
0111100000001111000
0111100000001111000
0111011111001111000
0111011111001111000
0111011111001111001
0111011111001111001
0111011111001111001
0111011111001111001
0111011110001111001
0111011110001111001
0111011110001111001
0111011110001111001
0111011110001111001
0111011110001111001
0111011101001111001
0111011101001111001
0111011101001111010
0111011101001111010
0111011101001111010
0111011101001111010
0111011100001111010
0111011100001111010
0111011100001111011
0111011100001111011
0111011100001111011
0111011100001111011
0111011011001111011
0111011011001111011
0111011011001111100
0111011011001111100
0111011011001111100
0111011011001111100
0111011010001111100
0111011010001111100
0111011010001111100
0111011010001111100
0111011010001111100
0111011010001111100
0111011001001111100
0111011001001111100
0111011001001111101
0111011001001111101
0111011001001111101
0111011001001111101
0111011000001111101
0111011000001111101
0111011000001111110
0111011000001111110
0111011000001111110
0111011000001111110
0111010111001111110
0111010111001111110
0111010111001111111
0111010111001111111
0111010111001111111
0111010111001111111
0111010110001111111
0111010110001111111
0111010110001111111
0111010110001111111
0111010110001111111
0111010110001111111
0111010101001111111
0111010101001111111
0111010101010000000
0111010101010000000
0111010101010000000
0111010101010000000
0111010100010000000
0111010100010000000
0111010100010000001
0111010100010000001
0111010100010000001
0111010100010000001
0111010011010000001
0111010011010000001
0111010011010000010
0111010011010000010
0111010011010000010
0111010011010000010
0111010010010000010
0111010010010000010
0111010010010000010
0111010010010000010
0111010010010000010
0111010010010000010
0111010001010000010
0111010001010000010
0111010001010000011
0111010001010000011
0111010001010000011
0111010001010000011
0111010000010000011
0111010000010000011
0111010000010000100
0111010000010000100
0111010000010000100
0111010000010000100
0111001111010000100
0111001111010000100
0111001111010000101
0111001111010000101
0111001111010000101
0111001111010000101
0111001110010000101
0111001110010000101
0111001110010000101
0111001110010000101
0111001110010000101
0111001110010000101
0111001101010000101
0111001101010000101
0111001101010000110
0111001101010000110
0111001101010000110
0111001101010000110
0111001100010000110
0111001100010000110
0111001100010000111
0111001100010000111
0111001100010000111
0111001100010000111
0111001011010000111
0111001011010000111
0111001011010001000
0111001011010001000
0111001011010001000
0111001011010001000
0111001010010001000
0111001010010001000
0111001010010001000
0111001010010001000
0111001010010001000
0111001010010001000
0111001001010001000
0111001001010001000
0111001001010001001
0111001001010001001
0111001001010001001
0111001001010001001
0111001000010001001
0111001000010001001
0111001000010001010
0111001000010001010
0111001000010001010
0111001000010001010
0111000111010001010
0111000111010001010
0111000111010001011
0111000111010001011
0111000111010001011
0111000111010001011
0111000110010001011
0111000110010001011
0111000110010001011
0111000110010001011
0111000110010001011
0111000110010001011
0111000101010001011
0111000101010001011
0111000101010001100
0111000101010001100
0111000101010001100
0111000101010001100
0111000100010001100
0111000100010001100
0111000100010001101
0111000100010001101
0111000100010001101
0111000100010001101
0111000011010001101
0111000011010001101
0111000011010001110
0111000011010001110
0111000011010001110
0111000011010001110
0111000010010001110
0111000010010001110
0111000010010001110
0111000010010001110
0111000010010001110
0111000010010001110
0111000001010001110
0111000001010001110
0111000001010001111
0111000001010001111
0111000001010001111
0111000001010001111
0111000000010001111
0111000000010001111
0111000000010010000
0111000000010010000
0111000000010010000
0111000000010010000
0110111111010010000
0110111111010010000
0110111111010010001
0110111111010010001
0110111111010010001
0110111111010010001
0110111110010010001
0110111110010010001
0110111110010010001
0110111110010010001
0110111110010010001
0110111110010010001
0110111101010010001
0110111101010010001
0110111101010010010
0110111101010010010
0110111101010010010
0110111101010010010
0110111100010010010
0110111100010010010
0110111100010010011
0110111100010010011
0110111100010010011
0110111100010010011
0110111011010010011
0110111011010010011
0110111011010010100
0110111011010010100
0110111011010010100
0110111011010010100
0110111010010010100
0110111010010010100
0110111010010010100
0110111010010010100
0110111010010010100
0110111010010010100
0110111001010010100
0110111001010010100
0110111001010010101
0110111001010010101
0110111001010010101
0110111001010010101
0110111000010010101
0110111000010010101
0110111000010010110
0110111000010010110
0110111000010010110
0110111000010010110
0110110111010010110
0110110111010010110
0110110111010010111
0110110111010010111
0110110111010010111
0110110111010010111
0110110110010010111
0110110110010010111
0110110110010010111
0110110110010010111
0110110110010010111
0110110110010010111
0110110101010010111
0110110101010010111
0110110101010011000
0110110101010011000
0110110101010011000
0110110101010011000
0110110100010011000
0110110100010011000
0110110100010011001
0110110100010011001
0110110100010011001
0110110100010011001
0110110011010011001
0110110011010011001
0110110011010011010
0110110011010011010
0110110011010011010
0110110011010011010
0110110010010011010
0110110010010011010
0110110010010011010
0110110010010011010
0110110010010011010
0110110010010011010
0110110001010011010
0110110001010011010
0110110001010011011
0110110001010011011
0110110001010011011
0110110001010011011
0110110000010011011
0110110000010011011
0110110000010011100
0110110000010011100
0110110000010011100
0110110000010011100
0110101111010011100
0110101111010011100
0110101111010011101
0110101111010011101
0110101111010011101
0110101111010011101
0110101110010011101
0110101110010011101
0110101110010011101
0110101110010011101
0110101110010011101
0110101110010011101
0110101101010011101
0110101101010011101
0110101101010011110
0110101101010011110
0110101101010011110
0110101101010011110
0110101100010011110
0110101100010011110
0110101100010011111
0110101100010011111
0110101100010011111
0110101100010011111
0110101011010011111
0110101011010011111
0110101011010100000
0110101011010100000
0110101011010100000
0110101011010100000
0110101010010100000
0110101010010100000
0110101010010100000
0110101010010100000
0110101010010100000
0110101010010100000
0110101001010100000
0110101001010100000
0110101001010100001
0110101001010100001
0110101001010100001
0110101001010100001
0110101000010100001
0110101000010100001
0110101000010100010
0110101000010100010
0110101000010100010
0110101000010100010
0110100111010100010
0110100111010100010
0110100111010100011
0110100111010100011
0110100111010100011
0110100111010100011
0110100110010100011
0110100110010100011
0110100110010100011
0110100110010100011
0110100110010100011
0110100110010100011
0110100101010100011
0110100101010100011
0110100101010100100
0110100101010100100
0110100101010100100
0110100101010100100
0110100100010100100
0110100100010100100
0110100100010100101
0110100100010100101
0110100100010100101
0110100100010100101
0110100011010100101
0110100011010100101
0110100011010100110
0110100011010100110
0110100011010100110
0110100011010100110
0110100010010100110
0110100010010100110
0110100010010100110
0110100010010100110
0110100010010100110
0110100010010100110
0110100001010100110
0110100001010100110
0110100001010100111
0110100001010100111
0110100001010100111
0110100001010100111
0110100000010100111
0110100000010100111
0110100000010101000
0110100000010101000
0110100000010101000
0110100000010101000
0110011111010101000
0110011111010101000
0110011111010101001
0110011111010101001
0110011111010101001
0110011111010101001
0110011110010101001
0110011110010101001
0110011110010101001
0110011110010101001
0110011110010101001
0110011110010101001
0110011101010101001
0110011101010101001
0110011101010101010
0110011101010101010
0110011101010101010
0110011101010101010
0110011100010101010
0110011100010101010
0110011100010101011
0110011100010101011
0110011100010101011
0110011100010101011
0110011011010101011
0110011011010101011
0110011011010101100
0110011011010101100
0110011011010101100
0110011011010101100
0110011010010101100
0110011010010101100
0110011010010101100
0110011010010101100
0110011010010101100
0110011010010101100
0110011001010101100
0110011001010101100
0110011001010101101
0110011001010101101
0110011001010101101
0110011001010101101
0110011000010101101
0110011000010101101
0110011000010101110
0110011000010101110
0110011000010101110
0110011000010101110
0110010111010101110
0110010111010101110
0110010111010101111
0110010111010101111
0110010111010101111
0110010111010101111
0110010110010101111
0110010110010101111
0110010110010101111
0110010110010101111
0110010110010101111
0110010110010101111
0110010101010101111
0110010101010101111
0110010101010110000
0110010101010110000
0110010101010110000
0110010101010110000
0110010100010110000
0110010100010110000
0110010100010110001
0110010100010110001
0110010100010110001
0110010100010110001
0110010011010110001
0110010011010110001
0110010011010110010
0110010011010110010
0110010011010110010
0110010011010110010
0110010010010110010
0110010010010110010
0110010010010110010
0110010010010110010
0110010010010110010
0110010010010110010
0110010001010110010
0110010001010110010
0110010001010110011
0110010001010110011
0110010001010110011
0110010001010110011
0110010000010110011
0110010000010110011
0110010000010110100
0110010000010110100
0110010000010110100
0110010000010110100
0110001111010110100
0110001111010110100
0110001111010110101
0110001111010110101
0110001111010110101
0110001111010110101
0110001110010110101
0110001110010110101
0110001110010110101
0110001110010110101
0110001110010110101
0110001110010110101
0110001101010110101
0110001101010110101
0110001101010110110
0110001101010110110
0110001101010110110
0110001101010110110
0110001100010110110
0110001100010110110
0110001100010110111
0110001100010110111
0110001100010110111
0110001100010110111
0110001011010110111
0110001011010110111
0110001011010111000
0110001011010111000
0110001011010111000
0110001011010111000
0110001010010111000
0110001010010111000
0110001010010111000
0110001010010111000
0110001010010111000
0110001010010111000
0110001001010111000
0110001001010111000
0110001001010111001
0110001001010111001
0110001001010111001
0110001001010111001
0110001000010111001
0110001000010111001
0110001000010111010
0110001000010111010
0110001000010111010
0110001000010111010
0110000111010111010
0110000111010111010
0110000111010111011
0110000111010111011
0110000111010111011
0110000111010111011
0110000110010111011
0110000110010111011
0110000110010111011
0110000110010111011
0110000110010111011
0110000110010111011
0110000101010111011
0110000101010111011
0110000101010111100
0110000101010111100
0110000101010111100
0110000101010111100
0110000100010111100
0110000100010111100
0110000100010111101
0110000100010111101
0110000100010111101
0110000100010111101
0110000011010111101
0110000011010111101
0110000011010111110
0110000011010111110
0110000011010111110
0110000011010111110
0110000010010111110
0110000010010111110
0110000010010111110
0110000010010111110
0110000010010111110
0110000010010111110
0110000001010111110
0110000001010111110
0110000001010111111
0110000001010111111
0110000001010111111
0110000001010111111
0110000000010111111
0110000000010111111
0110000000011000000
0110000000011000000
0110000000011000000
0110000000011000000
0101111111011000000
0101111111011000000
0101111111011000001
0101111111011000001
0101111111011000001
0101111111011000001
0101111110011000001
0101111110011000001
0101111110011000001
0101111110011000001
0101111110011000001
0101111110011000001
0101111101011000001
0101111101011000001
0101111101011000010
0101111101011000010
0101111101011000010
0101111101011000010
0101111100011000010
0101111100011000010
0101111100011000011
0101111100011000011
0101111100011000011
0101111100011000011
0101111011011000011
0101111011011000011
0101111011011000100
0101111011011000100
0101111011011000100
0101111011011000100
0101111010011000100
0101111010011000100
0101111010011000100
0101111010011000100
0101111010011000100
0101111010011000100
0101111001011000100
0101111001011000100
0101111001011000101
0101111001011000101
0101111001011000101
0101111001011000101
0101111000011000101
0101111000011000101
0101111000011000110
0101111000011000110
0101111000011000110
0101111000011000110
0101110111011000110
0101110111011000110
0101110111011000111
0101110111011000111
0101110111011000111
0101110111011000111
0101110110011000111
0101110110011000111
0101110110011000111
0101110110011000111
0101110110011000111
0101110110011000111
0101110101011000111
0101110101011000111
0101110101011001000
0101110101011001000
0101110101011001000
0101110101011001000
0101110100011001000
0101110100011001000
0101110100011001001
0101110100011001001
0101110100011001001
0101110100011001001
0101110011011001001
0101110011011001001
0101110011011001010
0101110011011001010
0101110011011001010
0101110011011001010
0101110010011001010
0101110010011001010
0101110010011001010
0101110010011001010
0101110010011001010
0101110010011001010
0101110001011001010
0101110001011001010
0101110001011001011
0101110001011001011
0101110001011001011
0101110001011001011
0101110000011001011
0101110000011001011
0101110000011001100
0101110000011001100
0101110000011001100
0101110000011001100
0101101111011001100
0101101111011001100
0101101111011001101
0101101111011001101
0101101111011001101
0101101111011001101
0101101110011001101
0101101110011001101
0101101110011001101
0101101110011001101
0101101110011001101
0101101110011001101
0101101101011001101
0101101101011001101
0101101101011001110
0101101101011001110
0101101101011001110
0101101101011001110
0101101100011001110
0101101100011001110
0101101100011001111
0101101100011001111
0101101100011001111
0101101100011001111
0101101011011001111
0101101011011001111
0101101011011010000
0101101011011010000
0101101011011010000
0101101011011010000
0101101010011010000
0101101010011010000
0101101010011010000
0101101010011010000
0101101010011010000
0101101010011010000
0101101001011010000
0101101001011010000
0101101001011010001
0101101001011010001
0101101001011010001
0101101001011010001
0101101000011010001
0101101000011010001
0101101000011010010
0101101000011010010
0101101000011010010
0101101000011010010
0101100111011010010
0101100111011010010
0101100111011010011
0101100111011010011
0101100111011010011
0101100111011010011
0101100110011010011
0101100110011010011
0101100110011010011
0101100110011010011
0101100110011010011
0101100110011010011
0101100101011010011
0101100101011010011
0101100101011010100
0101100101011010100
0101100101011010100
0101100101011010100
0101100100011010100
0101100100011010100
0101100100011010101
0101100100011010101
0101100100011010101
0101100100011010101
0101100011011010101
0101100011011010101
0101100011011010110
0101100011011010110
0101100011011010110
0101100011011010110
0101100010011010110
0101100010011010110
0101100010011010110
0101100010011010110
0101100010011010110
0101100010011010110
0101100001011010110
0101100001011010110
0101100001011010111
0101100001011010111
0101100001011010111
0101100001011010111
0101100000011010111
0101100000011010111
0101100000011011000
0101100000011011000
0101100000011011000
0101100000011011000
0101011111011011000
0101011111011011000
0101011111011011001
0101011111011011001
0101011111011011001
0101011111011011001
0101011110011011001
0101011110011011001
0101011110011011001
0101011110011011001
0101011110011011001
0101011110011011001
0101011101011011001
0101011101011011001
0101011101011011010
0101011101011011010
0101011101011011010
0101011101011011010
0101011100011011010
0101011100011011010
0101011100011011011
0101011100011011011
0101011100011011011
0101011100011011011
0101011011011011011
0101011011011011011
0101011011011011100
0101011011011011100
0101011011011011100
0101011011011011100
0101011010011011100
0101011010011011100
0101011010011011100
0101011010011011100
0101011010011011100
0101011010011011100
0101011001011011100
0101011001011011100
0101011001011011101
0101011001011011101
0101011001011011101
0101011001011011101
0101011000011011101
0101011000011011101
0101011000011011110
0101011000011011110
0101011000011011110
0101011000011011110
0101010111011011110
0101010111011011110
0101010111011011111
0101010111011011111
0101010111011011111
0101010111011011111
0101010110011011111
0101010110011011111
0101010110011011111
0101010110011011111
0101010110011011111
0101010110011011111
0101010101011011111
0101010101011011111
0101010101011100000
0101010101011100000
0101010101011100000
0101010101011100000
0101010100011100000
0101010100011100000
0101010100011100001
0101010100011100001
0101010100011100001
0101010100011100001
0101010011011100001
0101010011011100001
0101010011011100010
0101010011011100010
0101010011011100010
0101010011011100010
0101010010011100010
0101010010011100010
0101010010011100010
0101010010011100010
0101010010011100010
0101010010011100010
0101010001011100010
0101010001011100010
0101010001011100011
0101010001011100011
0101010001011100011
0101010001011100011
0101010000011100011
0101010000011100011
0101010000011100100
0101010000011100100
0101010000011100100
0101010000011100100
0101001111011100100
0101001111011100100
0101001111011100101
0101001111011100101
0101001111011100101
0101001111011100101
0101001110011100101
0101001110011100101
0101001110011100101
0101001110011100101
0101001110011100101
0101001110011100101
0101001101011100101
0101001101011100101
0101001101011100110
0101001101011100110
0101001101011100110
0101001101011100110
0101001100011100110
0101001100011100110
0101001100011100111
0101001100011100111
0101001100011100111
0101001100011100111
0101001011011100111
0101001011011100111
0101001011011101000
0101001011011101000
0101001011011101000
0101001011011101000
0101001010011101000
0101001010011101000
0101001010011101000
0101001010011101000
0101001010011101000
0101001010011101000
0101001001011101000
0101001001011101000
0101001001011101001
0101001001011101001
0101001001011101001
0101001001011101001
0101001000011101001
0101001000011101001
0101001000011101010
0101001000011101010
0101001000011101010
0101001000011101010
0101000111011101010
0101000111011101010
0101000111011101011
0101000111011101011
0101000111011101011
0101000111011101011
0101000110011101011
0101000110011101011
0101000110011101011
0101000110011101011
0101000110011101011
0101000110011101011
0101000101011101011
0101000101011101011
0101000101011101100
0101000101011101100
0101000101011101100
0101000101011101100
0101000100011101100
0101000100011101100
0101000100011101101
0101000100011101101
0101000100011101101
0101000100011101101
0101000011011101101
0101000011011101101
0101000011011101110
0101000011011101110
0101000011011101110
0101000011011101110
0101000010011101110
0101000010011101110
0101000010011101110
0101000010011101110
0101000010011101110
0101000010011101110
0101000001011101110
0101000001011101110
0101000001011101111
0101000001011101111
0101000001011101111
0101000001011101111
0101000000011101111
0101000000011101111
0101000000011110000
0101000000011110000
0101000000011110000
0101000000011110000
0100111111011110000
0100111111011110000
0100111111011110001
0100111111011110001
0100111111011110001
0100111111011110001
0100111110011110001
0100111110011110001
0100111110011110001
0100111110011110001
0100111110011110001
0100111110011110001
0100111101011110001
0100111101011110001
0100111101011110010
0100111101011110010
0100111101011110010
0100111101011110010
0100111100011110010
0100111100011110010
0100111100011110011
0100111100011110011
0100111100011110011
0100111100011110011
0100111011011110011
0100111011011110011
0100111011011110100
0100111011011110100
0100111011011110100
0100111011011110100
0100111010011110100
0100111010011110100
0100111010011110100
0100111010011110100
0100111010011110100
0100111010011110100
0100111001011110100
0100111001011110100
0100111001011110101
0100111001011110101
0100111001011110101
0100111001011110101
0100111000011110101
0100111000011110101
0100111000011110110
0100111000011110110
0100111000011110110
0100111000011110110
0100110111011110110
0100110111011110110
0100110111011110111
0100110111011110111
0100110111011110111
0100110111011110111
0100110110011110111
0100110110011110111
0100110110011110111
0100110110011110111
0100110110011110111
0100110110011110111
0100110101011110111
0100110101011110111
0100110101011111000
0100110101011111000
0100110101011111000
0100110101011111000
0100110100011111000
0100110100011111000
0100110100011111001
0100110100011111001
0100110100011111001
0100110100011111001
0100110011011111001
0100110011011111001
0100110011011111010
0100110011011111010
0100110011011111010
0100110011011111010
0100110010011111010
0100110010011111010
0100110010011111010
0100110010011111010
0100110010011111010
0100110010011111010
0100110001011111010
0100110001011111010
0100110001011111011
0100110001011111011
0100110001011111011
0100110001011111011
0100110000011111011
0100110000011111011
0100110000011111100
0100110000011111100
0100110000011111100
0100110000011111100
0100101111011111100
0100101111011111100
0100101111011111101
0100101111011111101
0100101111011111101
0100101111011111101
0100101110011111101
0100101110011111101
0100101110011111101
0100101110011111101
0100101110011111101
0100101110011111101
0100101101011111101
0100101101011111101
0100101101011111110
0100101101011111110
0100101101011111110
0100101101011111110
0100101100011111110
0100101100011111110
0100101100011111111
0100101100011111111
0100101100011111111
0100101100011111111
0100101011011111111
0100101011011111111
0100101011100000000
0100101011100000000
0100101011100000000
0100101011100000000
0100101010100000000
0100101010100000000
0100101010100000000
0100101010100000000
0100101010100000000
0100101010100000000
0100101001100000000
0100101001100000000
0100101001100000001
0100101001100000001
0100101001100000001
0100101001100000001
0100101000100000001
0100101000100000001
0100101000100000010
0100101000100000010
0100101000100000010
0100101000100000010
0100100111100000010
0100100111100000010
0100100111100000011
0100100111100000011
0100100111100000011
0100100111100000011
0100100110100000011
0100100110100000011
0100100110100000011
0100100110100000011
0100100110100000011
0100100110100000011
0100100101100000011
0100100101100000011
0100100101100000100
0100100101100000100
0100100101100000100
0100100101100000100
0100100100100000100
0100100100100000100
0100100100100000101
0100100100100000101
0100100100100000101
0100100100100000101
0100100011100000101
0100100011100000101
0100100011100000110
0100100011100000110
0100100011100000110
0100100011100000110
0100100010100000110
0100100010100000110
0100100010100000110
0100100010100000110
0100100010100000110
0100100010100000110
0100100001100000110
0100100001100000110
0100100001100000111
0100100001100000111
0100100001100000111
0100100001100000111
0100100000100000111
0100100000100000111
0100100000100001000
0100100000100001000
0100100000100001000
0100100000100001000
0100011111100001000
0100011111100001000
0100011111100001001
0100011111100001001
0100011111100001001
0100011111100001001
0100011110100001001
0100011110100001001
0100011110100001001
0100011110100001001
0100011110100001001
0100011110100001001
0100011101100001001
0100011101100001001
0100011101100001010
0100011101100001010
0100011101100001010
0100011101100001010
0100011100100001010
0100011100100001010
0100011100100001011
0100011100100001011
0100011100100001011
0100011100100001011
0100011011100001011
0100011011100001011
0100011011100001100
0100011011100001100
0100011011100001100
0100011011100001100
0100011010100001100
0100011010100001100
0100011010100001100
0100011010100001100
0100011010100001100
0100011010100001100
0100011001100001100
0100011001100001100
0100011001100001101
0100011001100001101
0100011001100001101
0100011001100001101
0100011000100001101
0100011000100001101
0100011000100001110
0100011000100001110
0100011000100001110
0100011000100001110
0100010111100001110
0100010111100001110
0100010111100001111
0100010111100001111
0100010111100001111
0100010111100001111
0100010110100001111
0100010110100001111
0100010110100001111
0100010110100001111
0100010110100001111
0100010110100001111
0100010101100001111
0100010101100001111
0100010101100010000
0100010101100010000
0100010101100010000
0100010101100010000
0100010100100010000
0100010100100010000
0100010100100010001
0100010100100010001
0100010100100010001
0100010100100010001
0100010011100010001
0100010011100010001
0100010011100010010
0100010011100010010
0100010011100010010
0100010011100010010
0100010010100010010
0100010010100010010
0100010010100010010
0100010010100010010
0100010010100010010
0100010010100010010
0100010001100010010
0100010001100010010
0100010001100010011
0100010001100010011
0100010001100010011
0100010001100010011
0100010000100010011
0100010000100010011
0100010000100010100
0100010000100010100
0100010000100010100
0100010000100010100
0100001111100010100
0100001111100010100
0100001111100010101
0100001111100010101
0100001111100010101
0100001111100010101
0100001110100010101
0100001110100010101
0100001110100010101
0100001110100010101
0100001110100010101
0100001110100010101
0100001101100010101
0100001101100010101
0100001101100010110
0100001101100010110
0100001101100010110
0100001101100010110
0100001100100010110
0100001100100010110
0100001100100010111
0100001100100010111
0100001100100010111
0100001100100010111
0100001011100010111
0100001011100010111
0100001011100011000
0100001011100011000
0100001011100011000
0100001011100011000
0100001010100011000
0100001010100011000
0100001010100011000
0100001010100011000
0100001010100011000
0100001010100011000
0100001001100011000
0100001001100011000
0100001001100011001
0100001001100011001
0100001001100011001
0100001001100011001
0100001000100011001
0100001000100011001
0100001000100011010
0100001000100011010
0100001000100011010
0100001000100011010
0100000111100011010
0100000111100011010
0100000111100011011
0100000111100011011
0100000111100011011
0100000111100011011
0100000110100011011
0100000110100011011
0100000110100011011
0100000110100011011
0100000110100011011
0100000110100011011
0100000101100011011
0100000101100011011
0100000101100011100
0100000101100011100
0100000101100011100
0100000101100011100
0100000100100011100
0100000100100011100
0100000100100011101
0100000100100011101
0100000100100011101
0100000100100011101
0100000011100011101
0100000011100011101
0100000011100011110
0100000011100011110
0100000011100011110
0100000011100011110
0100000010100011110
0100000010100011110
0100000010100011110
0100000010100011110
0100000010100011110
0100000010100011110
0100000001100011110
0100000001100011110
0100000001100011111
0100000001100011111
0100000001100011111
0100000001100011111
0100000000100011111
0100000000100011111
0100000000100100000
0100000000100100000
0100000000100100000
0100000000100100000
0011111111100100000
0011111111100100000
0011111111100100001
0011111111100100001
0011111111100100001
0011111111100100001
0011111110100100001
0011111110100100001
0011111110100100001
0011111110100100001
0011111110100100001
0011111110100100001
0011111101100100001
0011111101100100001
0011111101100100010
0011111101100100010
0011111101100100010
0011111101100100010
0011111100100100010
0011111100100100010
0011111100100100011
0011111100100100011
0011111100100100011
0011111100100100011
0011111011100100011
0011111011100100011
0011111011100100100
0011111011100100100
0011111011100100100
0011111011100100100
0011111010100100100
0011111010100100100
0011111010100100100
0011111010100100100
0011111010100100100
0011111010100100100
0011111001100100100
0011111001100100100
0011111001100100101
0011111001100100101
0011111001100100101
0011111001100100101
0011111000100100101
0011111000100100101
0011111000100100110
0011111000100100110
0011111000100100110
0011111000100100110
0011110111100100110
0011110111100100110
0011110111100100111
0011110111100100111
0011110111100100111
0011110111100100111
0011110110100100111
0011110110100100111
0011110110100100111
0011110110100100111
0011110110100100111
0011110110100100111
0011110101100100111
0011110101100100111
0011110101100101000
0011110101100101000
0011110101100101000
0011110101100101000
0011110100100101000
0011110100100101000
0011110100100101001
0011110100100101001
0011110100100101001
0011110100100101001
0011110011100101001
0011110011100101001
0011110011100101010
0011110011100101010
0011110011100101010
0011110011100101010
0011110010100101010
0011110010100101010
0011110010100101010
0011110010100101010
0011110010100101010
0011110010100101010
0011110001100101010
0011110001100101010
0011110001100101011
0011110001100101011
0011110001100101011
0011110001100101011
0011110000100101011
0011110000100101011
0011110000100101100
0011110000100101100
0011110000100101100
0011110000100101100
0011101111100101100
0011101111100101100
0011101111100101101
0011101111100101101
0011101111100101101
0011101111100101101
0011101110100101101
0011101110100101101
0011101110100101101
0011101110100101101
0011101110100101101
0011101110100101101
0011101101100101101
0011101101100101101
0011101101100101110
0011101101100101110
0011101101100101110
0011101101100101110
0011101100100101110
0011101100100101110
0011101100100101111
0011101100100101111
0011101100100101111
0011101100100101111
0011101011100101111
0011101011100101111
0011101011100110000
0011101011100110000
0011101011100110000
0011101011100110000
0011101010100110000
0011101010100110000
0011101010100110000
0011101010100110000
0011101010100110000
0011101010100110000
0011101001100110000
0011101001100110000
0011101001100110001
0011101001100110001
0011101001100110001
0011101001100110001
0011101000100110001
0011101000100110001
0011101000100110010
0011101000100110010
0011101000100110010
0011101000100110010
0011100111100110010
0011100111100110010
0011100111100110011
0011100111100110011
0011100111100110011
0011100111100110011
0011100110100110011
0011100110100110011
0011100110100110011
0011100110100110011
0011100110100110011
0011100110100110011
0011100101100110011
0011100101100110011
0011100101100110100
0011100101100110100
0011100101100110100
0011100101100110100
0011100100100110100
0011100100100110100
0011100100100110101
0011100100100110101
0011100100100110101
0011100100100110101
0011100011100110101
0011100011100110101
0011100011100110110
0011100011100110110
0011100011100110110
0011100011100110110
0011100010100110110
0011100010100110110
0011100010100110110
0011100010100110110
0011100010100110110
0011100010100110110
0011100001100110110
0011100001100110110
0011100001100110111
0011100001100110111
0011100001100110111
0011100001100110111
0011100000100110111
0011100000100110111
0011100000100111000
0011100000100111000
0011100000100111000
0011100000100111000
0011011111100111000
0011011111100111000
0011011111100111001
0011011111100111001
0011011111100111001
0011011111100111001
0011011110100111001
0011011110100111001
0011011110100111001
0011011110100111001
0011011110100111001
0011011110100111001
0011011101100111001
0011011101100111001
0011011101100111010
0011011101100111010
0011011101100111010
0011011101100111010
0011011100100111010
0011011100100111010
0011011100100111011
0011011100100111011
0011011100100111011
0011011100100111011
0011011011100111011
0011011011100111011
0011011011100111100
0011011011100111100
0011011011100111100
0011011011100111100
0011011010100111100
0011011010100111100
0011011010100111100
0011011010100111100
0011011010100111100
0011011010100111100
0011011001100111100
0011011001100111100
0011011001100111101
0011011001100111101
0011011001100111101
0011011001100111101
0011011000100111101
0011011000100111101
0011011000100111110
0011011000100111110
0011011000100111110
0011011000100111110
0011010111100111110
0011010111100111110
0011010111100111111
0011010111100111111
0011010111100111111
0011010111100111111
0011010110100111111
0011010110100111111
0011010110100111111
0011010110100111111
0011010110100111111
0011010110100111111
0011010101100111111
0011010101100111111
0011010101101000000
0011010101101000000
0011010101101000000
0011010101101000000
0011010100101000000
0011010100101000000
0011010100101000001
0011010100101000001
0011010100101000001
0011010100101000001
0011010011101000001
0011010011101000001
0011010011101000010
0011010011101000010
0011010011101000010
0011010011101000010
0011010010101000010
0011010010101000010
0011010010101000010
0011010010101000010
0011010010101000010
0011010010101000010
0011010001101000010
0011010001101000010
0011010001101000011
0011010001101000011
0011010001101000011
0011010001101000011
0011010000101000011
0011010000101000011
0011010000101000100
0011010000101000100
0011010000101000100
0011010000101000100
0011001111101000100
0011001111101000100
0011001111101000101
0011001111101000101
0011001111101000101
0011001111101000101
0011001110101000101
0011001110101000101
0011001110101000101
0011001110101000101
0011001110101000101
0011001110101000101
0011001101101000101
0011001101101000101
0011001101101000110
0011001101101000110
0011001101101000110
0011001101101000110
0011001100101000110
0011001100101000110
0011001100101000111
0011001100101000111
0011001100101000111
0011001100101000111
0011001011101000111
0011001011101000111
0011001011101001000
0011001011101001000
0011001011101001000
0011001011101001000
0011001010101001000
0011001010101001000
0011001010101001000
0011001010101001000
0011001010101001000
0011001010101001000
0011001001101001000
0011001001101001000
0011001001101001001
0011001001101001001
0011001001101001001
0011001001101001001
0011001000101001001
0011001000101001001
0011001000101001010
0011001000101001010
0011001000101001010
0011001000101001010
0011000111101001010
0011000111101001010
0011000111101001011
0011000111101001011
0011000111101001011
0011000111101001011
0011000110101001011
0011000110101001011
0011000110101001011
0011000110101001011
0011000110101001011
0011000110101001011
0011000101101001011
0011000101101001011
0011000101101001100
0011000101101001100
0011000101101001100
0011000101101001100
0011000100101001100
0011000100101001100
0011000100101001101
0011000100101001101
0011000100101001101
0011000100101001101
0011000011101001101
0011000011101001101
0011000011101001110
0011000011101001110
0011000011101001110
0011000011101001110
0011000010101001110
0011000010101001110
0011000010101001110
0011000010101001110
0011000010101001110
0011000010101001110
0011000001101001110
0011000001101001110
0011000001101001111
0011000001101001111
0011000001101001111
0011000001101001111
0011000000101001111
0011000000101001111
0011000000101010000
0011000000101010000
0011000000101010000
0011000000101010000
0010111111101010000
0010111111101010000
0010111111101010001
0010111111101010001
0010111111101010001
0010111111101010001
0010111110101010001
0010111110101010001
0010111110101010001
0010111110101010001
0010111110101010001
0010111110101010001
0010111101101010001
0010111101101010001
0010111101101010010
0010111101101010010
0010111101101010010
0010111101101010010
0010111100101010010
0010111100101010010
0010111100101010011
0010111100101010011
0010111100101010011
0010111100101010011
0010111011101010011
0010111011101010011
0010111011101010100
0010111011101010100
0010111011101010100
0010111011101010100
0010111010101010100
0010111010101010100
0010111010101010100
0010111010101010100
0010111010101010100
0010111010101010100
0010111001101010100
0010111001101010100
0010111001101010101
0010111001101010101
0010111001101010101
0010111001101010101
0010111000101010101
0010111000101010101
0010111000101010110
0010111000101010110
0010111000101010110
0010111000101010110
0010110111101010110
0010110111101010110
0010110111101010111
0010110111101010111
0010110111101010111
0010110111101010111
0010110110101010111
0010110110101010111
0010110110101010111
0010110110101010111
0010110110101010111
0010110110101010111
0010110101101010111
0010110101101010111
0010110101101011000
0010110101101011000
0010110101101011000
0010110101101011000
0010110100101011000
0010110100101011000
0010110100101011001
0010110100101011001
0010110100101011001
0010110100101011001
0010110011101011001
0010110011101011001
0010110011101011010
0010110011101011010
0010110011101011010
0010110011101011010
0010110010101011010
0010110010101011010
0010110010101011010
0010110010101011010
0010110010101011010
0010110010101011010
0010110001101011010
0010110001101011010
0010110001101011011
0010110001101011011
0010110001101011011
0010110001101011011
0010110000101011011
0010110000101011011
0010110000101011100
0010110000101011100
0010110000101011100
0010110000101011100
0010101111101011100
0010101111101011100
0010101111101011101
0010101111101011101
0010101111101011101
0010101111101011101
0010101110101011101
0010101110101011101
0010101110101011101
0010101110101011101
0010101110101011101
0010101110101011101
0010101101101011101
0010101101101011101
0010101101101011110
0010101101101011110
0010101101101011110
0010101101101011110
0010101100101011110
0010101100101011110
0010101100101011111
0010101100101011111
0010101100101011111
0010101100101011111
0010101011101011111
0010101011101011111
0010101011101100000
0010101011101100000
0010101011101100000
0010101011101100000
0010101010101100000
0010101010101100000
0010101010101100000
0010101010101100000
0010101010101100000
0010101010101100000
0010101001101100000
0010101001101100000
0010101001101100001
0010101001101100001
0010101001101100001
0010101001101100001
0010101000101100001
0010101000101100001
0010101000101100010
0010101000101100010
0010101000101100010
0010101000101100010
0010100111101100010
0010100111101100010
0010100111101100011
0010100111101100011
0010100111101100011
0010100111101100011
0010100110101100011
0010100110101100011
0010100110101100011
0010100110101100011
0010100110101100011
0010100110101100011
0010100101101100011
0010100101101100011
0010100101101100100
0010100101101100100
0010100101101100100
0010100101101100100
0010100100101100100
0010100100101100100
0010100100101100101
0010100100101100101
0010100100101100101
0010100100101100101
0010100011101100101
0010100011101100101
0010100011101100110
0010100011101100110
0010100011101100110
0010100011101100110
0010100010101100110
0010100010101100110
0010100010101100110
0010100010101100110
0010100010101100110
0010100010101100110
0010100001101100110
0010100001101100110
0010100001101100111
0010100001101100111
0010100001101100111
0010100001101100111
0010100000101100111
0010100000101100111
0010100000101101000
0010100000101101000
0010100000101101000
0010100000101101000
0010011111101101000
0010011111101101000
0010011111101101001
0010011111101101001
0010011111101101001
0010011111101101001
0010011110101101001
0010011110101101001
0010011110101101001
0010011110101101001
0010011110101101001
0010011110101101001
0010011101101101001
0010011101101101001
0010011101101101010
0010011101101101010
0010011101101101010
0010011101101101010
0010011100101101010
0010011100101101010
0010011100101101011
0010011100101101011
0010011100101101011
0010011100101101011
0010011011101101011
0010011011101101011
0010011011101101100
0010011011101101100
0010011011101101100
0010011011101101100
0010011010101101100
0010011010101101100
0010011010101101100
0010011010101101100
0010011010101101100
0010011010101101100
0010011001101101100
0010011001101101100
0010011001101101101
0010011001101101101
0010011001101101101
0010011001101101101
0010011000101101101
0010011000101101101
0010011000101101110
0010011000101101110
0010011000101101110
0010011000101101110
0010010111101101110
0010010111101101110
0010010111101101111
0010010111101101111
0010010111101101111
0010010111101101111
0010010110101101111
0010010110101101111
0010010110101101111
0010010110101101111
0010010110101101111
0010010110101101111
0010010101101101111
0010010101101101111
0010010101101110000
0010010101101110000
0010010101101110000
0010010101101110000
0010010100101110000
0010010100101110000
0010010100101110001
0010010100101110001
0010010100101110001
0010010100101110001
0010010011101110001
0010010011101110001
0010010011101110010
0010010011101110010
0010010011101110010
0010010011101110010
0010010010101110010
0010010010101110010
0010010010101110010
0010010010101110010
0010010010101110010
0010010010101110010
0010010001101110010
0010010001101110010
0010010001101110011
0010010001101110011
0010010001101110011
0010010001101110011
0010010000101110011
0010010000101110011
0010010000101110100
0010010000101110100
0010010000101110100
0010010000101110100
0010001111101110100
0010001111101110100
0010001111101110101
0010001111101110101
0010001111101110101
0010001111101110101
0010001110101110101
0010001110101110101
0010001110101110101
0010001110101110101
0010001110101110101
0010001110101110101
0010001101101110101
0010001101101110101
0010001101101110110
0010001101101110110
0010001101101110110
0010001101101110110
0010001100101110110
0010001100101110110
0010001100101110111
0010001100101110111
0010001100101110111
0010001100101110111
0010001011101110111
0010001011101110111
0010001011101111000
0010001011101111000
0010001011101111000
0010001011101111000
0010001010101111000
0010001010101111000
0010001010101111000
0010001010101111000
0010001010101111000
0010001010101111000
0010001001101111000
0010001001101111000
0010001001101111001
0010001001101111001
0010001001101111001
0010001001101111001
0010001000101111001
0010001000101111001
0010001000101111010
0010001000101111010
0010001000101111010
0010001000101111010
0010000111101111010
0010000111101111010
0010000111101111011
0010000111101111011
0010000111101111011
0010000111101111011
0010000110101111011
0010000110101111011
0010000110101111011
0010000110101111011
0010000110101111011
0010000110101111011
0010000101101111011
0010000101101111011
0010000101101111100
0010000101101111100
0010000101101111100
0010000101101111100
0010000100101111100
0010000100101111100
0010000100101111101
0010000100101111101
0010000100101111101
0010000100101111101
0010000011101111101
0010000011101111101
0010000011101111110
0010000011101111110
0010000011101111110
0010000011101111110
0010000010101111110
0010000010101111110
0010000010101111110
0010000010101111110
0010000010101111110
0010000010101111110
0010000001101111110
0010000001101111110
0010000001101111111
0010000001101111111
0010000001101111111
0010000001101111111
0010000000101111111
0010000000101111111
0010000000110000000
0010000000110000000
0010000000110000000
0010000000110000000
0001111111110000000
0001111111110000000
0001111111110000001
0001111111110000001
0001111111110000001
0001111111110000001
0001111110110000001
0001111110110000001
0001111110110000001
0001111110110000001
0001111110110000001
0001111110110000001
0001111101110000001
0001111101110000001
0001111101110000010
0001111101110000010
0001111101110000010
0001111101110000010
0001111100110000010
0001111100110000010
0001111100110000011
0001111100110000011
0001111100110000011
0001111100110000011
0001111011110000011
0001111011110000011
0001111011110000100
0001111011110000100
0001111011110000100
0001111011110000100
0001111010110000100
0001111010110000100
0001111010110000100
0001111010110000100
0001111010110000100
0001111010110000100
0001111001110000100
0001111001110000100
0001111001110000101
0001111001110000101
0001111001110000101
0001111001110000101
0001111000110000101
0001111000110000101
0001111000110000110
0001111000110000110
0001111000110000110
0001111000110000110
0001110111110000110
0001110111110000110
0001110111110000111
0001110111110000111
0001110111110000111
0001110111110000111
0001110110110000111
0001110110110000111
0001110110110000111
0001110110110000111
0001110110110000111
0001110110110000111
0001110101110000111
0001110101110000111
0001110101110001000
0001110101110001000
0001110101110001000
0001110101110001000
0001110100110001000
0001110100110001000
0001110100110001001
0001110100110001001
0001110100110001001
0001110100110001001
0001110011110001001
0001110011110001001
0001110011110001010
0001110011110001010
0001110011110001010
0001110011110001010
0001110010110001010
0001110010110001010
0001110010110001010
0001110010110001010
0001110010110001010
0001110010110001010
0001110001110001010
0001110001110001010
0001110001110001011
0001110001110001011
0001110001110001011
0001110001110001011
0001110000110001011
0001110000110001011
0001110000110001100
0001110000110001100
0001110000110001100
0001110000110001100
0001101111110001100
0001101111110001100
0001101111110001101
0001101111110001101
0001101111110001101
0001101111110001101
0001101110110001101
0001101110110001101
0001101110110001101
0001101110110001101
0001101110110001101
0001101110110001101
0001101101110001101
0001101101110001101
0001101101110001110
0001101101110001110
0001101101110001110
0001101101110001110
0001101100110001110
0001101100110001110
0001101100110001111
0001101100110001111
0001101100110001111
0001101100110001111
0001101011110001111
0001101011110001111
0001101011110010000
0001101011110010000
0001101011110010000
0001101011110010000
0001101010110010000
0001101010110010000
0001101010110010000
0001101010110010000
0001101010110010000
0001101010110010000
0001101001110010000
0001101001110010000
0001101001110010001
0001101001110010001
0001101001110010001
0001101001110010001
0001101000110010001
0001101000110010001
0001101000110010010
0001101000110010010
0001101000110010010
0001101000110010010
0001100111110010010
0001100111110010010
0001100111110010011
0001100111110010011
0001100111110010011
0001100111110010011
0001100110110010011
0001100110110010011
0001100110110010011
0001100110110010011
0001100110110010011
0001100110110010011
0001100101110010011
0001100101110010011
0001100101110010100
0001100101110010100
0001100101110010100
0001100101110010100
0001100100110010100
0001100100110010100
0001100100110010101
0001100100110010101
0001100100110010101
0001100100110010101
0001100011110010101
0001100011110010101
0001100011110010110
0001100011110010110
0001100011110010110
0001100011110010110
0001100010110010110
0001100010110010110
0001100010110010110
0001100010110010110
0001100010110010110
0001100010110010110
0001100001110010110
0001100001110010110
0001100001110010111
0001100001110010111
0001100001110010111
0001100001110010111
0001100000110010111
0001100000110010111
0001100000110011000
0001100000110011000
0001100000110011000
0001100000110011000
0001011111110011000
0001011111110011000
0001011111110011001
0001011111110011001
0001011111110011001
0001011111110011001
0001011110110011001
0001011110110011001
0001011110110011001
0001011110110011001
0001011110110011001
0001011110110011001
0001011101110011001
0001011101110011001
0001011101110011010
0001011101110011010
0001011101110011010
0001011101110011010
0001011100110011010
0001011100110011010
0001011100110011011
0001011100110011011
0001011100110011011
0001011100110011011
0001011011110011011
0001011011110011011
0001011011110011100
0001011011110011100
0001011011110011100
0001011011110011100
0001011010110011100
0001011010110011100
0001011010110011100
0001011010110011100
0001011010110011100
0001011010110011100
0001011001110011100
0001011001110011100
0001011001110011101
0001011001110011101
0001011001110011101
0001011001110011101
0001011000110011101
0001011000110011101
0001011000110011110
0001011000110011110
0001011000110011110
0001011000110011110
0001010111110011110
0001010111110011110
0001010111110011111
0001010111110011111
0001010111110011111
0001010111110011111
0001010110110011111
0001010110110011111
0001010110110011111
0001010110110011111
0001010110110011111
0001010110110011111
0001010101110011111
0001010101110011111
0001010101110100000
0001010101110100000
0001010101110100000
0001010101110100000
0001010100110100000
0001010100110100000
0001010100110100001
0001010100110100001
0001010100110100001
0001010100110100001
0001010011110100001
0001010011110100001
0001010011110100010
0001010011110100010
0001010011110100010
0001010011110100010
0001010010110100010
0001010010110100010
0001010010110100010
0001010010110100010
0001010010110100010
0001010010110100010
0001010001110100010
0001010001110100010
0001010001110100011
0001010001110100011
0001010001110100011
0001010001110100011
0001010000110100011
0001010000110100011
0001010000110100100
0001010000110100100
0001010000110100100
0001010000110100100
0001001111110100100
0001001111110100100
0001001111110100101
0001001111110100101
0001001111110100101
0001001111110100101
0001001110110100101
0001001110110100101
0001001110110100101
0001001110110100101
0001001110110100101
0001001110110100101
0001001101110100101
0001001101110100101
0001001101110100110
0001001101110100110
0001001101110100110
0001001101110100110
0001001100110100110
0001001100110100110
0001001100110100111
0001001100110100111
0001001100110100111
0001001100110100111
0001001011110100111
0001001011110100111
0001001011110101000
0001001011110101000
0001001011110101000
0001001011110101000
0001001010110101000
0001001010110101000
0001001010110101000
0001001010110101000
0001001010110101000
0001001010110101000
0001001001110101000
0001001001110101000
0001001001110101001
0001001001110101001
0001001001110101001
0001001001110101001
0001001000110101001
0001001000110101001
0001001000110101010
0001001000110101010
0001001000110101010
0001001000110101010
0001000111110101010
0001000111110101010
0001000111110101011
0001000111110101011
0001000111110101011
0001000111110101011
0001000110110101011
0001000110110101011
0001000110110101011
0001000110110101011
0001000110110101011
0001000110110101011
0001000101110101011
0001000101110101011
0001000101110101100
0001000101110101100
0001000101110101100
0001000101110101100
0001000100110101100
0001000100110101100
0001000100110101101
0001000100110101101
0001000100110101101
0001000100110101101
0001000011110101101
0001000011110101101
0001000011110101110
0001000011110101110
0001000011110101110
0001000011110101110
0001000010110101110
0001000010110101110
0001000010110101110
0001000010110101110
0001000010110101110
0001000010110101110
0001000001110101110
0001000001110101110
0001000001110101111
0001000001110101111
0001000001110101111
0001000001110101111
0001000000110101111
0001000000110101111
0001000000110110000
0001000000110110000
0001000000110110000
0001000000110110000
0000111111110110000
0000111111110110000
0000111111110110001
0000111111110110001
0000111111110110001
0000111111110110001
0000111110110110001
0000111110110110001
0000111110110110001
0000111110110110001
0000111110110110001
0000111110110110001
0000111101110110001
0000111101110110001
0000111101110110010
0000111101110110010
0000111101110110010
0000111101110110010
0000111100110110010
0000111100110110010
0000111100110110011
0000111100110110011
0000111100110110011
0000111100110110011
0000111011110110011
0000111011110110011
0000111011110110100
0000111011110110100
0000111011110110100
0000111011110110100
0000111010110110100
0000111010110110100
0000111010110110100
0000111010110110100
0000111010110110100
0000111010110110100
0000111001110110100
0000111001110110100
0000111001110110101
0000111001110110101
0000111001110110101
0000111001110110101
0000111000110110101
0000111000110110101
0000111000110110110
0000111000110110110
0000111000110110110
0000111000110110110
0000110111110110110
0000110111110110110
0000110111110110111
0000110111110110111
0000110111110110111
0000110111110110111
0000110110110110111
0000110110110110111
0000110110110110111
0000110110110110111
0000110110110110111
0000110110110110111
0000110101110110111
0000110101110110111
0000110101110111000
0000110101110111000
0000110101110111000
0000110101110111000
0000110100110111000
0000110100110111000
0000110100110111001
0000110100110111001
0000110100110111001
0000110100110111001
0000110011110111001
0000110011110111001
0000110011110111010
0000110011110111010
0000110011110111010
0000110011110111010
0000110010110111010
0000110010110111010
0000110010110111010
0000110010110111010
0000110010110111010
0000110010110111010
0000110001110111010
0000110001110111010
0000110001110111011
0000110001110111011
0000110001110111011
0000110001110111011
0000110000110111011
0000110000110111011
0000110000110111100
0000110000110111100
0000110000110111100
0000110000110111100
0000101111110111100
0000101111110111100
0000101111110111101
0000101111110111101
0000101111110111101
0000101111110111101
0000101110110111101
0000101110110111101
0000101110110111101
0000101110110111101
0000101110110111101
0000101110110111101
0000101101110111101
0000101101110111101
0000101101110111110
0000101101110111110
0000101101110111110
0000101101110111110
0000101100110111110
0000101100110111110
0000101100110111111
0000101100110111111
0000101100110111111
0000101100110111111
0000101011110111111
0000101011110111111
0000101011111000000
0000101011111000000
0000101011111000000
0000101011111000000
0000101010111000000
0000101010111000000
0000101010111000000
0000101010111000000
0000101010111000000
0000101010111000000
0000101001111000000
0000101001111000000
0000101001111000001
0000101001111000001
0000101001111000001
0000101001111000001
0000101000111000001
0000101000111000001
0000101000111000010
0000101000111000010
0000101000111000010
0000101000111000010
0000100111111000010
0000100111111000010
0000100111111000011
0000100111111000011
0000100111111000011
0000100111111000011
0000100110111000011
0000100110111000011
0000100110111000011
0000100110111000011
0000100110111000011
0000100110111000011
0000100101111000011
0000100101111000011
0000100101111000100
0000100101111000100
0000100101111000100
0000100101111000100
0000100100111000100
0000100100111000100
0000100100111000101
0000100100111000101
0000100100111000101
0000100100111000101
0000100011111000101
0000100011111000101
0000100011111000110
0000100011111000110
0000100011111000110
0000100011111000110
0000100010111000110
0000100010111000110
0000100010111000110
0000100010111000110
0000100010111000110
0000100010111000110
0000100001111000110
0000100001111000110
0000100001111000111
0000100001111000111
0000100001111000111
0000100001111000111
0000100000111000111
0000100000111000111
0000100000111001000
0000100000111001000
0000100000111001000
0000100000111001000
0000011111111001000
0000011111111001000
0000011111111001001
0000011111111001001
0000011111111001001
0000011111111001001
0000011110111001001
0000011110111001001
0000011110111001001
0000011110111001001
0000011110111001001
0000011110111001001
0000011101111001001
0000011101111001001
0000011101111001010
0000011101111001010
0000011101111001010
0000011101111001010
0000011100111001010
0000011100111001010
0000011100111001011
0000011100111001011
0000011100111001011
0000011100111001011
0000011011111001011
0000011011111001011
0000011011111001100
0000011011111001100
0000011011111001100
0000011011111001100
0000011010111001100
0000011010111001100
0000011010111001100
0000011010111001100
0000011010111001100
0000011010111001100
0000011001111001100
0000011001111001100
0000011001111001101
0000011001111001101
0000011001111001101
0000011001111001101
0000011000111001101
0000011000111001101
0000011000111001110
0000011000111001110
0000011000111001110
0000011000111001110
0000010111111001110
0000010111111001110
0000010111111001111
0000010111111001111
0000010111111001111
0000010111111001111
0000010110111001111
0000010110111001111
0000010110111001111
0000010110111001111
0000010110111001111
0000010110111001111
0000010101111001111
0000010101111001111
0000010101111010000
0000010101111010000
0000010101111010000
0000010101111010000
0000010100111010000
0000010100111010000
0000010100111010001
0000010100111010001
0000010100111010001
0000010100111010001
0000010011111010001
0000010011111010001
0000010011111010010
0000010011111010010
0000010011111010010
0000010011111010010
0000010010111010010
0000010010111010010
0000010010111010010
0000010010111010010
0000010010111010010
0000010010111010010
0000010001111010010
0000010001111010010
0000010001111010011
0000010001111010011
0000010001111010011
0000010001111010011
0000010000111010011
0000010000111010011
0000010000111010100
0000010000111010100
0000010000111010100
0000010000111010100
0000001111111010100
0000001111111010100
0000001111111010101
0000001111111010101
0000001111111010101
0000001111111010101
0000001110111010101
0000001110111010101
0000001110111010101
0000001110111010101
0000001110111010101
0000001110111010101
0000001101111010101
0000001101111010101
0000001101111010110
0000001101111010110
0000001101111010110
0000001101111010110
0000001100111010110
0000001100111010110
0000001100111010111
0000001100111010111
0000001100111010111
0000001100111010111
0000001011111010111
0000001011111010111
0000001011111011000
0000001011111011000
0000001011111011000
0000001011111011000
0000001010111011000
0000001010111011000
0000001010111011000
0000001010111011000
0000001010111011000
0000001010111011000
0000001001111011000
0000001001111011000
0000001001111011001
0000001001111011001
0000001001111011001
0000001001111011001
0000001000111011001
0000001000111011001
0000001000111011010
0000001000111011010
0000001000111011010
0000001000111011010
0000000111111011010
0000000111111011010
0000000111111011011
0000000111111011011
0000000111111011011
0000000111111011011
0000000110111011011
0000000110111011011
0000000110111011011
0000000110111011011
0000000110111011011
0000000110111011011
0000000101111011011
0000000101111011011
0000000101111011100
0000000101111011100
0000000101111011100
0000000101111011100
0000000100111011100
0000000100111011100
0000000100111011101
0000000100111011101
0000000100111011101
0000000100111011101
0000000011111011101
0000000011111011101
0000000011111011110
0000000011111011110
0000000011111011110
0000000011111011110
0000000010111011110
0000000010111011110
0000000010111011110
0000000010111011110
0000000010111011110
0000000010111011110
0000000001111011110
0000000001111011110
0000000001111011111
0000000001111011111
0000000001111011111
0000000001111011111
0000000000111011111
0000000000111011111
0000000000111100000
0000000000111100000
0000000000111100000
